-0.001552664864750
-0.003163984515133
-0.006115575317738
-0.005864049580692
-0.004589871440539
-0.002647200179837
-0.001719337791402
-0.000625877002275
-0.001209485734101
-0.001394187074363
-0.002532081825030
-0.001528710391464
0.000614365003373
0.002275092197426
0.000673422926038
0.000031505694575
-0.001251764950938
0.000510006138406
0.002091880885011
0.003341813806511
0.006378337099043
0.007232536192181
0.004517919170530
0.003103047656037
-0.000052982182269
0.004146421609366
0.009355409462475
0.012106819555980
0.014372913848755
0.012432774292826
0.009532532850625
0.005682756524203
0.003753650765685
0.016564291353252
0.025260560142844
0.028165827323402
0.028003642271468
0.020324745605304
0.015638018512503
0.010546184235879
0.016437264626311
0.032561639099866
0.033782792727200
0.027600758478087
0.028321862045896
0.024874023070237
0.019727412937869
0.011874803842066
0.036915907437228
0.035056880463691
0.020291208990969
0.016114775818460
0.024679200002432
0.028828791656313
0.021967260919937
0.011520715593635
0.051661072401246
0.018808566850631
0.009123027815968
0.012495305391050
0.026709647894403
0.033908633108541
0.025936467876354
0.011389806170648
0.059950602226736
0.012251076268397
0.013027025843702
0.023659178698820
0.033906963769748
0.041063050835859
0.030760289706214
0.012938167523420
0.061621935295483
0.018399616341319
0.023184105429137
0.029174362825750
0.029955934874213
0.037598605283141
0.035637701864332
0.021283210717680
0.051583252552434
0.024107774522147
0.025484269274116
0.025326979232725
0.018815931061136
0.026107725718137
0.035093617693461
0.032871689384270
0.035056398791546
0.021456726090975
0.019370528085024
0.015147153543046
0.006778509373345
0.011968370504918
0.021233583164517
0.028596667948976
0.016762802892468
0.008812400634580
0.009831250378107
0.005827908803363
-0.001565052376865
0.002456021610622
0.009286405997984
0.016162573178129
0.009013833928678
0.004811692883007
0.003358097983999
0.000667448439683
-0.003821640225565
-0.003019470886764
0.002147783924751
0.007317713153763
0.002737126841002
0.000829727247514
-0.000829920694490
-0.001224869497878
-0.004197614062585
-0.005184621940674
-0.002474759675421
0.001546404272463
-0.000097096551712
-0.001561113437682
-0.003466378954314
-0.004639963637630
-0.006735243030661
-0.007301754940831
-0.004222148537460
-0.000781913469784
0.006021871490560
0.004619293898628
0.002055449472670
-0.000583872071261
-0.001948547803438
-0.002345813832561
-0.002101837709322
-0.000992113281432
0.007088847068165
0.004388098374599
0.001323266953957
-0.000889941955082
-0.003233549038171
-0.002840331395154
-0.003327535635768
-0.002287921028399
0.007663237137927
0.003648428059807
0.001367916443637
-0.001136903634654
-0.002485429449452
-0.002076938102448
-0.003233998570915
-0.003501576327314
0.007433902666167
0.003256890050850
0.001830898633322
-0.000438563539684
-0.002686143232084
-0.001911608076780
-0.003377688648201
-0.004293709913365
0.006050260256884
0.003561094463832
0.002736862114024
0.000645829718855
-0.001865520295345
-0.001289222169740
-0.003727055432153
-0.004314906493798
0.005379138731652
0.003461555433490
0.002724737532372
0.000844742728675
-0.002224747629313
-0.000826370945955
-0.002810381267917
-0.003139705226740
0.004066352270104
0.003295803159852
0.004028335806060
0.002164952539563
-0.001354312097024
0.001028149552933
-0.001686771510310
-0.002177024025243
0.002728451017197
0.004899083973205
0.005410186543049
0.003075309159798
-0.001154965394876
0.003113850509086
0.000997266354046
-0.000280388882644
0.000784350021213
0.007012729112362
0.007679682826608
0.004227605880472
0.001494767144332
0.005624002738454
0.005169219799126
0.003667972249406
-0.000227104868059
0.007720855494101
0.010315760686740
0.007829087835027
0.002741180680809
0.005816646367313
0.006926198290106
0.007816208786441
-0.000879520703383
0.009292905443542
0.013266813350518
0.007013553164990
-0.000418416676398
0.003119003518896
0.006778543453079
0.011578599164219
-0.001458739131227
0.009520268082472
0.012763946545699
0.005774762400383
-0.001150749189763
0.000389757407499
0.008053149954036
0.013795533184688
-0.001244539801924
0.007956838032205
0.009571777980425
0.003366145424452
-0.001888570871682
0.000938902128490
0.009418797576496
0.011952589808450
0.000676697871804
0.006168929109165
0.007189944341190
0.001371267939141
-0.000401376991844
0.002795004301157
0.009828367883724
0.008243873871989
0.003374056022182
0.006636079202127
0.006617118351229
0.003207264348196
0.004656511983491
0.007230595371126
0.009541348214584
0.003764023985885
0.004005718108304
0.008645507111803
0.010242424112668
0.011090698012997
0.010016461394679
0.007143022681534
0.004130687226273
0.000290008815583
-0.000498540622974
-0.002044777765450
-0.001603797082441
-0.001729858045741
-0.002434110591579
-0.002359781709385
-0.002232174117797
-0.000030987449093
-0.000591343942478
-0.001613769813316
-0.001229784474849
0.000161651526540
0.001047398489582
0.002239584461289
-0.000387484098288
0.001207641818313
-0.000613953970232
-0.000030890704218
0.001346623279044
0.003855558641488
0.005584404310011
0.004928517102084
0.000853388964689
0.002362318984032
0.001008214351393
0.003236166246428
0.005256649120889
0.006664741941397
0.007650958568182
0.004170514693540
0.000456874194928
0.002309963653358
0.003388579041437
0.009128140874778
0.010653617087228
0.009668997470431
0.007371579323357
0.001709785286371
-0.000684665019143
0.002054577933918
0.011308257118447
0.014691371885873
0.007452746391181
0.003569710833832
0.001365666463098
-0.003521278565996
-0.004183404779749
-0.001391287469411
0.019541448983120
0.010681455598657
-0.000790727507752
-0.001735427933746
-0.003858741013267
-0.005540282749912
-0.004246043795264
-0.003472295294043
0.025144362181146
0.002721397284439
-0.005862756586250
-0.004797203302063
-0.006059578489271
-0.004533679542297
-0.003868780959753
-0.003591080750377
0.027602249734629
-0.004112666646389
-0.006043508121146
-0.004572073798024
-0.004819420515436
-0.003390464799810
-0.004735374317980
-0.002794378880378
0.028316890981711
-0.003065470759481
-0.002839026350962
-0.003212659248323
-0.002576322428919
-0.001498990795504
-0.002309554769250
0.000386061995577
0.024105517640294
0.002503565104908
0.001294889752477
-0.000668195557340
0.001037653549296
0.002112318646849
0.001461799726025
0.003013891010416
0.017860497855236
0.008533365418741
0.006265324879764
0.004546697305616
0.006459819414204
0.006165979700800
0.004362132016220
0.003479917659490
0.009881444818709
0.008318759880867
0.008758255803047
0.006733784575427
0.006853228576328
0.005255804196459
0.003576166267786
0.002979751024391
0.003752234341380
0.004136836907646
0.006861365098092
0.006641781486779
0.004739502928018
0.002136466637743
0.001012414309952
0.001530203743151
0.000157331919020
-0.000196534277995
0.002462609589839
0.003401506200560
0.002155677458451
0.000666253985345
0.000786791184243
0.000651586207631
-0.001193657727861
-0.003256092753407
-0.001759430449581
0.000120319419802
0.000543505930524
0.000006089908409
0.000533153355309
0.000743503609170
-0.001534073937380
-0.003643118976847
-0.005861514026712
-0.004749230250029
-0.000572036778007
0.003252895592584
0.002693676617411
0.002546543897501
-0.002756068308288
-0.003748982363300
-0.004692833928636
-0.002580798161103
0.000033690713555
0.003184302415814
0.003130432017206
0.003304593307056
-0.004838160142169
-0.004741533974301
-0.005008989667848
-0.001461050175816
0.000105510977658
0.002195100251366
0.003818788200633
0.004208003125045
-0.009252389047993
-0.006651555089856
-0.007405519077142
-0.003898174872571
-0.001274395564275
0.002488098907633
0.004127924963136
0.003626356337027
-0.019148962982613
-0.017148903860206
-0.021984393865008
-0.022401883462581
-0.020490873988138
-0.016332061139649
-0.007813445259454
-0.003925870614647
-0.032265085316777
-0.027071834139473
-0.026692985981673
-0.025573112474881
-0.026564227407305
-0.020371207691966
-0.008354142057496
-0.005330127139143
-0.046568683927358
-0.029578949349581
-0.022672464585483
-0.026573903768216
-0.033052043244483
-0.019276096313484
-0.010840882621101
-0.010256478703506
-0.050781887233771
-0.026543252418399
-0.021388391513062
-0.024130882438605
-0.029464391494516
-0.010811911817737
-0.007427593750905
-0.015304657769401
-0.044945146576942
-0.014517214131127
-0.011587905173367
-0.020357491645072
-0.021069540724997
-0.007795121981446
-0.002001169661689
-0.017732609822274
-0.038025440488611
-0.016623769231142
-0.017802044661641
-0.018450393839675
-0.015711600894740
-0.009865770882203
-0.004875070541300
-0.020310659164586
-0.020639584741339
-0.014431548869093
-0.018379167761438
-0.012125343044763
-0.007798324283904
-0.006634516326419
-0.010394249015529
-0.025829313464777
-0.004652748759931
-0.010803181707526
-0.017156159677203
-0.015254496303305
-0.013019915512948
-0.007192191356713
-0.010799672415380
-0.017438595651566
0.009485238388529
0.001907096613242
-0.001727587057866
0.000413664323709
-0.000151546464075
0.006750124354811
0.004356852641917
-0.001124164406952
0.011708364768536
0.005459066359786
0.000805658961801
0.002623028544791
0.002622543122589
0.006793540028784
0.006084368125559
0.001525208889212
0.008197942425986
0.008090162968653
0.002353596980047
0.003528060154650
0.002503729031646
0.003581107930072
0.005403742155291
0.003048293757045
0.004082199859308
0.008923924740555
0.008082183908577
0.007192686595208
0.002788116331138
0.000977172423547
0.001515988543192
0.002280287245634
-0.000265746796261
0.000479517142409
0.000202066543009
0.001682522384923
0.003235842299776
0.003964626448559
0.002499036918149
0.001586329684933
0.000128099336235
0.002759917874106
0.004774364333583
0.006085560344359
0.007411691102200
0.006622864292236
0.003492756170144
0.004180610012260
0.001951520528298
0.008525207875363
0.012792848994282
0.014532005300203
0.016365680576024
0.016340317475560
0.011204713155268
0.011153227806587
0.006200791766844
0.017951009679102
0.024967617859609
0.027366925668958
0.028184138143788
0.025059260283699
0.018748112388688
0.021519421238355
0.016981729702427
0.036332488694289
0.041614625275066
0.040507656077489
0.036487661791568
0.030840337978882
0.024330420132123
0.030534579727976
0.037868970888456
0.048207379009042
0.039633419654328
0.029936589284934
0.028361883347449
0.028031474692917
0.025808294778277
0.028464498173898
0.056513854893085
0.049986827560178
0.035965371025600
0.032629297032757
0.035967271883091
0.035205013609298
0.028808486616086
0.019580302831856
0.070112451599311
0.049068169706201
0.043107427399983
0.041797781721350
0.038381923167796
0.027267814096789
0.014601787149016
0.005899596991764
0.074489991518069
0.040994212689478
0.034857721106142
0.026968739987498
0.017299174797923
0.008101457061295
0.000713468438763
0.001898273008532
0.070780195377006
0.032010615275455
0.018966369939272
0.008662171161144
0.002742712103395
-0.000280206188307
0.000726514080210
0.007141206864196
0.061124866358952
0.039774316478703
0.024333166199650
0.016116847655520
0.010545296281677
0.010005360642073
0.013548135465100
0.019501973416644
0.039710756644938
0.036675080297579
0.030998505726132
0.029269449796673
0.025214440593000
0.023808981606980
0.023180941799803
0.022700659006261
0.019678741781719
0.026323394024981
0.025726124899422
0.025504280409969
0.022320945412721
0.020611841832843
0.018624177875023
0.015692427529043
0.005366183558060
0.011585033030620
0.013977199720081
0.015411951987176
0.014738424353539
0.012462393126183
0.010643215650995
0.008315891980009
0.000211111537354
0.002510104884031
0.006678304434049
0.006774773336684
0.004903404312068
0.003665617008138
0.004203226230810
0.003689865996686
-0.000515892731306
-0.001327246210345
0.000306427922300
0.001688241445212
0.001917132365260
0.001521240969739
0.003141785690049
0.002461561183655
-0.003268066896779
-0.000535224550925
0.001277566374462
0.003239062918956
0.005301511386819
0.006040907119303
0.005507540587532
0.002338334614566
-0.004878936420830
-0.000184260683151
0.002391442868224
0.003484288703170
0.003482523961888
0.003836846447013
0.005292630889316
0.004590236353538
-0.007123556085190
-0.000720463864414
0.002431665178009
0.003558507035435
0.001813565094617
0.000386896737361
0.002482731701750
0.003098693967213
-0.008460960479506
-0.000105508610624
0.002541049018437
0.001972597400258
-0.002221920593860
-0.003499717783295
-0.002299309855946
-0.001188154363860
-0.011334466411309
-0.001014848066463
0.000743769230308
-0.001550107392177
-0.003410099891929
-0.002723379015139
-0.003008045226673
-0.003886363105096
-0.012999285358661
-0.002906264433485
-0.004082990689466
-0.004392273704300
-0.004827234174085
-0.004667499005527
-0.004509823210851
-0.005827797044723
-0.016345330209959
-0.008249194362630
-0.005704774979376
-0.001759818769278
-0.003754347827195
-0.005005957894813
-0.004907692696408
-0.006636409173490
-0.015144240004898
-0.007065513195564
-0.003493140964119
-0.001045080000803
-0.002772023323982
-0.002481296543628
-0.004106526858784
-0.006599646565590
-0.012770473718076
-0.007668387867950
-0.002558506374205
-0.001201586805954
-0.003589546681461
-0.004014310687802
-0.005857054177769
-0.006898999762358
-0.011574358338517
-0.009263221883787
-0.000824674535838
0.001461882845992
-0.001415372183727
-0.003203005722390
-0.007669011359565
-0.009510023147530
-0.010846362149057
-0.011568913014856
-0.002156157827752
0.000256921892379
-0.002378897826613
-0.002309142750003
-0.005618006711595
-0.010355181076802
-0.007989402405006
-0.009347138929051
-0.002211356885247
0.001957284027311
-0.001293853132912
-0.001607929043541
-0.003236119449855
-0.008279263972879
-0.006083190467165
-0.006057471886303
-0.002948942186364
0.000831158646487
-0.002350561930044
-0.003353294256253
-0.005064128368272
-0.008514443391369
-0.003704702834924
-0.002976165065569
-0.001223694671392
0.002828508339924
-0.000022540583768
-0.001966436870836
-0.003806672291236
-0.006501762924428
-0.002179045053147
-0.001710072478982
-0.000581632884387
0.002378389858138
0.000430776651885
-0.000551870416483
-0.002567046243966
-0.004254814249069
-0.001431204401447
-0.001091633924844
0.000097031974977
0.001708528865753
0.001166799939466
0.000131373265324
-0.000755460824994
-0.002375783058156
0.001002528193064
0.005129837633956
0.013004441301002
0.019096854471040
0.020618583741441
0.017636352257121
0.012386270378613
0.004433891988773
0.004296227629177
0.010787904889507
0.015999963477094
0.014076345813792
0.013791302031586
0.015047169187479
0.013825171841648
0.006999280192450
0.007501154191465
0.014647753629290
0.017181195819624
0.013299560213517
0.014998954070097
0.018761668581550
0.015570400324698
0.007927954398076
0.010349872135804
0.014683906396278
0.015916093313552
0.014704922814226
0.016775181974452
0.021413237145835
0.016648960779280
0.008115128640183
0.009864702394563
0.011528450823894
0.012785364514718
0.012236143230023
0.014955861219101
0.021019540532858
0.015562830573807
0.007334988295009
0.005331349116647
0.005667135676392
0.008813616194326
0.011098735719042
0.013325492596230
0.018936129397714
0.019307233891392
0.008059611136119
-0.000402902569095
0.002414697503852
0.007206991424302
0.007892316423910
0.008232427741155
0.014799491870402
0.019502119765981
0.010025949255424
-0.005683179497081
-0.000819411059068
0.002585076964337
0.002848532405999
0.004106074737045
0.011147855154565
0.018936406135877
0.011552358358836
-0.006332906839722
-0.000073106011274
0.001962059545977
0.001210592361047
0.003381785517373
0.009498141947074
0.017473823684565
0.013868690566855
-0.005233825733301
0.000229646370885
0.001891950560071
0.001448971484403
0.002240652190303
0.007301329279500
0.015036828333967
0.015161868963895
-0.002274067133525
-0.001022981598542
0.001217538423754
0.000489057896508
0.002271685279909
0.006331280474451
0.012843081482974
0.015098397141892
0.003090256075829
0.001884753110910
-0.000760003096564
-0.002899203054347
0.000117016148811
0.004205519005042
0.011025669735254
0.015680077597316
0.006988808840726
0.006518717906642
0.004173617533429
0.001783811978060
0.004916296335963
0.007441405655867
0.014310410089997
0.017172105542911
0.009233916081282
0.010007239613323
0.006404639618496
0.004838348320903
0.009261641332305
0.011082763217839
0.016585540690851
0.014008745731289
0.007328127527764
0.012762820496402
0.011281151288779
0.009373829591274
0.011670072627974
0.012615911904480
0.014539580807037
0.008624418497360
0.005844724837879
0.014414588880502
0.020160155174722
0.021689713718056
0.020527529242329
0.016316213029425
0.011036103903503
0.003831080101762
0.003392410865189
0.001972978661038
-0.000421830909068
-0.002324860000575
-0.001816103363588
-0.001890382675018
-0.000773748968346
-0.000131578983878
0.004978954315590
0.001968690698705
0.000072658006609
-0.001838985095008
-0.001515866612503
-0.001944296686259
-0.000963174316135
-0.000671107733605
0.005952649123476
0.001627428758690
-0.000546563575025
-0.002083913574661
-0.002453717198786
-0.002868124003932
-0.001422136096348
-0.001239552746789
0.006156799815159
0.001682346167559
-0.000194065758069
-0.002476691843459
-0.003368485474480
-0.003070273183661
-0.002594506778586
-0.001619454022931
0.005863589296366
0.002111420222734
-0.000419961934023
-0.004368536852444
-0.006266359823471
-0.004814668530296
-0.004319023724330
-0.002537606133699
0.004175817706677
0.001619207904605
-0.001720966445308
-0.004768225747184
-0.006170740261867
-0.004594825895905
-0.003743898113505
-0.003159090376496
0.003148165161178
0.001118026214391
-0.002004052541784
-0.002658563871529
-0.003699110839171
-0.002377844488971
-0.002605164607587
-0.003769492022359
0.001453198457231
0.001449936625464
0.000211657250293
-0.000387412119699
-0.001073244408929
0.000459930074483
-0.000208822793859
-0.003845062100801
0.000823143214341
0.003139099387041
0.003570767668595
0.002483452387999
0.001952992057366
0.002018248549730
0.001617964860418
-0.003434697980666
0.000224707578116
0.003161059709391
0.005252964220915
0.002932187824753
0.002656919917234
0.002620031619859
0.002130512112843
-0.002919588413124
0.000503444398483
0.005008288018215
0.006627551748679
0.001942723716637
0.001898710249333
0.001321879359220
0.003504507384257
-0.000783013093744
0.000689391480410
0.005985067451874
0.004917755484530
-0.000264182914341
0.000050954748745
-0.000271437339286
0.004704808951404
0.002147663831345
0.001693884534806
0.006603649841232
0.004562563655936
0.000094320635909
-0.000591973319325
-0.000456883456976
0.004497514010055
0.004205218995675
0.002181979316538
0.005808273706527
0.003259091131661
-0.002033064591351
-0.002556397641549
-0.000509197924801
0.003604654918946
0.005194764948753
0.001857526737073
0.004484760032704
0.001814008151156
-0.002432770898468
-0.002540243882264
0.000241990259992
0.003190474411747
0.004819480187269
0.001001631059984
0.001843745518726
-0.000699328085137
-0.003134790832790
-0.002963580215813
-0.000087928267829
0.002742344413436
0.004011840049856
0.002418867683085
0.010045171710265
0.027358133374706
0.037289239993382
0.035227587478715
0.018184687921102
0.005825135957108
0.001169523433543
0.000664059051117
0.002420438172680
0.010424472931655
0.015273552942944
0.017401895959751
0.007649540832463
0.002392047926614
-0.000006377755618
-0.001445267950014
-0.001141957822492
0.002836462344488
0.005839239724249
0.009053543749790
0.002660166892356
-0.000182526993737
-0.001161939085926
-0.004308522076675
-0.004656341454806
-0.001894458813142
-0.000474728608118
0.002647704989804
-0.001398177859102
-0.002365999546847
-0.002144519028421
-0.008275896825793
-0.006498994814591
-0.003334379200922
-0.000435104848102
0.001456213386852
-0.003624231180091
-0.004662728740114
-0.004298129962118
-0.011714394236292
-0.007436728607944
-0.003137773868871
0.004161746981622
0.007400549274927
-0.000598182368330
-0.002933846175779
-0.005123019118372
-0.014722114313108
-0.007910920404994
-0.000447845994813
0.010199698781230
0.013044008432541
0.000987843977698
-0.002641758623008
-0.005604259254420
-0.017045193132406
-0.006818353134126
-0.000225525805567
0.013738805481990
0.020820117082003
0.003719704442294
-0.002429059808007
-0.005321477652379
-0.017784695900836
-0.007352211092716
0.003850586239514
0.023089070286113
0.028165807448602
0.004437364348623
-0.002346346726598
-0.005577276252014
-0.016884952514193
-0.005464026637506
0.008395827240903
0.028278949984147
0.033006813367473
0.006616681390078
-0.002726128697365
-0.006972682249167
-0.014784307775090
-0.004065471936224
0.008580228274301
0.030187371671986
0.034224967647630
0.008444222179152
-0.003395515982272
-0.008874989951239
-0.010705159115308
-0.001700187182227
0.009199953918283
0.028427021162462
0.029674092828028
0.005811816336878
-0.006191602202542
-0.009009375486117
-0.007363344624279
-0.002730002631399
0.008146359034784
0.024567465495533
0.028222049580531
0.009207852297478
-0.000072841467336
-0.003467222938701
-0.002267436224744
0.002170183677861
0.012642969797131
0.025209704805719
0.031075233410969
0.015340927633076
0.003622023547178
-0.000329589954617
-0.000324077529999
0.003855669649252
0.013370374070452
0.023389282620359
0.031204294920263
0.018747548787697
0.006858290577395
0.000913808909598
0.000806295726469
0.004489813553797
0.013768933733678
0.022410606228334
0.033301327440195
0.024122125642545
0.009256370858879
0.002431112050822
-0.000048898330359
-0.000167853411220
0.000080135708517
-0.000584130242126
-0.001658751505861
-0.000853244433463
-0.000808252490295
-0.000674762976078
-0.000208214092060
-0.000565566747936
-0.000867330770831
-0.001514238669217
-0.002293754368438
-0.001050701605466
-0.000882710176867
-0.000833097441250
-0.000554822518240
-0.001094177850433
-0.001213826962275
-0.002109416284607
-0.002674274648932
-0.001853315350573
-0.001542587721414
-0.001547592803983
-0.001069347345425
-0.002067394028817
-0.002100852253605
-0.003065630952390
-0.003169371873062
-0.001782162513254
-0.000951405495512
-0.001359963786150
-0.004008681215358
-0.004421701014201
-0.003594415688553
-0.004665764912072
-0.005237059162750
-0.003567273906006
-0.002044627076401
-0.002482503205931
-0.007665151330537
-0.005159401385609
-0.004328523706081
-0.006724633535792
-0.006428310546136
-0.004014373721246
-0.002802259193541
-0.003719709314789
-0.009890546151749
-0.005702337359946
-0.005230014907267
-0.007029431674796
-0.006370440859017
-0.002432878171345
-0.002092011559555
-0.004580795560489
-0.011751206775263
-0.007528193833975
-0.006912572648708
-0.009891789278815
-0.007000872716214
-0.002432047095603
-0.002274809734659
-0.004607150099273
-0.011830081017856
-0.008975335115349
-0.008350994069490
-0.009219777105018
-0.004791510513590
-0.002188463134106
-0.003462069239390
-0.005134166670353
-0.010220707113721
-0.009881180173509
-0.008413906475465
-0.007855688155376
-0.005824749801365
-0.004200860156996
-0.005397106126305
-0.006513890271232
-0.006737172358546
-0.006598551703392
-0.006693003245209
-0.007591009139057
-0.005608524629361
-0.003858252726520
-0.004207495980065
-0.005756831970104
-0.004349749086951
-0.004052521310118
-0.004023670517773
-0.005588303986834
-0.004032667723651
-0.001269870392411
-0.001637461243705
-0.003497293070428
-0.002711801298010
-0.001511030142200
-0.001773258620514
-0.003463395037104
-0.002994658620628
-0.000179918144109
-0.000431554465372
-0.000781211523332
-0.001971091140043
-0.000959089134313
-0.001255765294416
-0.002474411198748
-0.003019093573803
0.000076805920137
0.000464929577784
0.000202755504647
-0.001096603436447
-0.000163743259594
-0.000030349701419
-0.000837798606522
-0.001793189429822
0.000852281044852
0.001065342363409
0.000350276696309
-0.000718083241622
-0.000433763684002
0.000177037022819
0.000554242269013
-0.000276585383710
0.001085716111115
0.000616455702541
-0.000079776856051
0.003179748724487
0.002165802606630
-0.000083393230769
-0.002168330544058
-0.002020433409200
-0.000792507627143
-0.000362552305489
-0.000368878196755
0.004306113160846
0.002400235167572
0.000108728720164
-0.001770791155725
-0.001615130266781
-0.000518610039958
-0.000156051807620
-0.000197656074118
0.006169617610521
0.003413936831056
0.000664491282053
-0.001695957408734
-0.001650574527202
-0.000416245241134
-0.000214676044963
-0.000296329471023
0.007155077777885
0.003621332169903
-0.000188706048691
-0.002440830075343
-0.000917570154296
0.000996839116116
-0.000137107709676
-0.000801175508405
0.007396090811591
0.002614829792421
-0.000843411943777
-0.002027012842490
0.000281371715411
0.001116069330757
-0.000356812210803
-0.000633218327432
0.006537908074250
0.002494921748560
0.000880564525294
-0.000418400230131
0.001517755811684
0.001890965681495
0.000819236619987
-0.000171803076503
0.005424539225541
0.003848327200300
0.003241229939663
0.001924734998251
0.003534021593305
0.003766342838767
0.001913958640449
-0.000004559972022
0.004620203747819
0.006116111080698
0.005832844930408
0.002720267333307
0.003457655819947
0.003137058929279
0.001732325541824
-0.000242215100156
0.004663430924402
0.008874736357227
0.008126495427759
0.004224255144314
0.003659138787907
0.002944989711034
0.001085889989763
-0.000965972007019
0.005089231243834
0.009510888811810
0.008087426879616
0.003920987256067
0.002985285380289
0.002431898534940
0.000746199634814
-0.001239471160175
0.005723603532905
0.009145815462741
0.008013166760225
0.003988928117915
0.003426371802877
0.003082967955480
0.001178210611139
-0.000663575206607
0.005501548175015
0.007981676306437
0.007101397691637
0.003782640517719
0.003644500670504
0.003835482455060
0.002420272254962
0.000442778848684
0.005964625370687
0.006491023741621
0.004748362123655
0.002215901052834
0.003052964929147
0.004546525657167
0.004540815300198
0.002763233799656
0.005302980155924
0.005698608072294
0.003033436868163
-0.000178157781695
0.000954515722013
0.003321521795243
0.004343230650058
0.003451025712731
0.004475922121698
0.003960048643749
0.001648517590081
-0.001007930978733
-0.000232868893793
0.001918628436931
0.003816042779994
0.003382618440531
0.002848758756960
0.003190309913925
0.000936083802653
-0.001383443165644
-0.001683732144504
-0.000178393019207
0.002131729388491
0.002869419482966
-0.000396785913075
0.000677090797619
0.006825303584957
0.012645371528242
0.009008005121537
0.002728551404723
0.000141653035947
-0.001387840725970
-0.001672881069030
-0.000145803116176
0.006818151062603
0.014773484610170
0.011739402865495
0.001393030961587
-0.001776767366919
-0.003231174424966
-0.004915471686022
-0.002590610111828
0.002884940239297
0.012256321523983
0.010797763732413
-0.003478186898088
-0.006725837792817
-0.007830580240387
-0.008043606403537
-0.004586310497274
-0.004066374247197
0.008852241902643
0.005605721180076
-0.013257397997505
-0.015001876549700
-0.017388748132553
-0.014560503275002
-0.014476516828341
-0.020116714686663
-0.004949084254646
-0.009307652342228
-0.028832510527034
-0.023969702514320
-0.027994805257468
-0.026653214818229
-0.026770279448177
-0.020733253337598
0.001806832104708
0.000225142282304
-0.025097779768559
-0.023755779965364
-0.031493030084936
-0.039242494923361
-0.027373539431785
-0.015254265230772
0.005031736900318
0.005026068951678
-0.022374438442504
-0.026560163413772
-0.033800450756639
-0.042314741023662
-0.021643935451222
-0.014581442873761
0.007681107340971
0.006803040740990
-0.017498036557860
-0.024700622383214
-0.030377032564755
-0.047389869515071
-0.024389464653445
-0.016191517492973
0.008748236144768
0.007849186875510
-0.014882694802514
-0.026697627737202
-0.031104514874672
-0.046117928336625
-0.014922668596680
-0.007274940770873
0.012690614908270
0.011879150642479
-0.012439407855228
-0.031751845091319
-0.029134622203696
-0.042951340743577
-0.014598290971307
-0.010817895280906
0.008329462702727
0.006156760349030
-0.017731858996527
-0.034708026089656
-0.023761932172789
-0.036109443582446
-0.020177319177253
-0.013836445727433
0.000971424252777
-0.001927086904369
-0.019176089881256
-0.027829152750179
-0.017422873698699
-0.018803574486747
-0.011110892645324
-0.005485488316452
0.001663878931032
0.001861421674691
-0.011097945986407
-0.016307378368454
-0.010693042691673
-0.008567297855757
-0.007967536154045
-0.000936474104010
0.007103560389172
0.010050430565327
-0.001277074596516
-0.007421870753167
-0.004294945241323
-0.001138097969836
-0.000845363450169
0.004981020960115
0.011750328108164
0.014755706534412
0.001640174575345
-0.003330237838521
-0.001889945228147
-0.000429043700360
0.000300238773366
0.004602801056911
0.009654002584772
0.017438193315079
0.008206817564516
0.002051260994181
-0.000308641369871
-0.001196631037395
-0.001169084465203
-0.002920269443662
-0.004156701909770
-0.006724317769045
-0.005770687365470
-0.005726153217630
-0.004215199869977
-0.001978205085714
-0.001933971985064
-0.004144039713523
-0.004002811312434
-0.006437355657192
-0.004797545559309
-0.005042992536157
-0.004805869426954
-0.002814611436131
-0.002367777312917
-0.004369375866531
-0.003835864770556
-0.007903989161577
-0.005769503543362
-0.005048303601683
-0.004649407603745
-0.003152532572574
-0.002549021178797
-0.004497459509274
-0.005759769550399
-0.008774587689759
-0.004536137222390
-0.003396361630495
-0.003771365329020
-0.000756952220505
-0.002193912776683
-0.006286097592021
-0.008073450813043
-0.006610811699910
-0.001634375837718
-0.000051807009464
-0.000990430851646
0.005128768116265
-0.000500893406178
0.001377283759405
0.002868427451907
0.001166552508913
0.005364461956582
0.005894368869013
0.003480978605250
0.012509281968489
0.006066761830007
0.012110840738773
0.012097962066547
0.010138563614616
0.014035431186274
0.011746095956670
0.010434904380315
0.011392155470990
0.009742197358310
0.008881878695548
0.013581697447947
0.014492604239241
0.009527434378829
0.008004754444035
0.016391969354061
0.010832612230799
0.010635837255303
0.003513458668289
0.012547851934398
0.011809236205286
0.002332551529101
0.003079432315483
0.019566535614564
0.007961584875611
0.004978872145607
-0.001908704843153
0.004896746009171
0.004252422337187
-0.003927091037073
-0.003161207717258
0.017528066990326
0.001197563621516
-0.003708698688571
-0.005976472366025
-0.002876910875477
-0.004703775106316
-0.008206549381965
-0.005130341392411
0.009317997360174
-0.005080359721631
-0.006389783697637
-0.007188986849080
-0.007994918074295
-0.008218923359413
-0.008492890076953
-0.004898464075497
0.001273503710302
-0.008077644544318
-0.005878753938440
-0.004739100880476
-0.005756681657210
-0.006394040077094
-0.005949022815722
-0.003918574604207
-0.001980595516837
-0.008109506332867
-0.006225280715468
-0.003665302428592
-0.004756366116868
-0.005928566324724
-0.003681061880530
-0.002445314088665
-0.001924595941433
-0.006004723025643
-0.005361405350868
-0.003784728276052
-0.005060296551914
-0.005060472434160
-0.002433938316979
-0.001748847701241
-0.001377156592624
-0.003461904703932
-0.005271520224527
-0.005200897318203
-0.005001335677086
-0.004657090219201
-0.002854865532291
-0.001850965999473
-0.001194137696378
-0.005577283351672
-0.010817882973854
-0.019086790369314
-0.022351470268171
-0.023756707775012
-0.022689073721430
-0.011994100759341
-0.005919853581167
-0.009294022352464
-0.013860073724925
-0.019953239927201
-0.017197182865216
-0.019530154514133
-0.021949798997102
-0.011275086039158
-0.008392420664037
-0.012674780138112
-0.021869924498041
-0.021786644272323
-0.011379529153779
-0.014385422178365
-0.016843809657703
-0.010662605025263
-0.010710752968209
-0.019746363532663
-0.028227650684293
-0.022711672224015
-0.015152358919358
-0.019947565500496
-0.022229823476394
-0.015578144096026
-0.013433432995653
-0.020723215050933
-0.028765827728668
-0.020823592972270
-0.005272420271752
-0.007988753613139
-0.016383570813686
-0.015530855924310
-0.017303440349667
-0.019624003303744
-0.032352112753452
-0.019691826355042
-0.008451010675632
-0.009282567750680
-0.013227819811086
-0.023043314887356
-0.020307089179267
-0.016463183730553
-0.026320099266872
-0.004147610270178
-0.006611781504660
-0.012802445328232
-0.027883211969632
-0.019657279941650
-0.013864181046571
-0.012739678602691
-0.006228066467557
0.005792155984916
-0.021385549405395
-0.034288039096928
-0.038720818652851
-0.010297120216430
-0.006104915924342
-0.011776304829229
0.001475282578399
-0.007796575425818
-0.041109578723600
-0.051041690548330
-0.036539409022429
-0.014169472300681
-0.004786111538916
-0.011019765834920
-0.008935275338904
-0.026289911446985
-0.045324714653875
-0.042292312886846
-0.021536299914161
-0.020290999455350
-0.007499118166121
-0.012084219908858
-0.028680276972974
-0.042286877584379
-0.040715426114084
-0.033825238099194
-0.026988942380483
-0.030509154972301
-0.011893024229164
0.001093815789455
-0.026046829097197
-0.042910046813883
-0.031225403178834
-0.023633930740324
-0.017459240650894
-0.020777979057716
-0.005458050378792
-0.000785409142608
-0.022723291361236
-0.036286392570963
-0.024732927485047
-0.020241920263467
-0.020115640634313
-0.025336655943313
-0.015096346202883
-0.004596677825321
-0.020636100671091
-0.028508879337512
-0.019771563895696
-0.017239682118083
-0.018283416074162
-0.018993671302703
-0.012183962294066
-0.006006523493291
-0.019368576913051
-0.023850140108855
-0.017180686286190
-0.019894141273643
-0.022742472811606
-0.018461277271588
-0.010031220591216
-0.005337577250054
-0.016376175607031
-0.027158504284101
-0.027224042480286
-0.028906606313140
-0.025036599467611
-0.014959641082768
-0.005271754685539
0.000382603523091
0.000749952499497
0.000795254857350
0.001291401131208
0.000423541261183
-0.001526807671272
-0.000252751314567
-0.000084088348033
0.000695033012010
0.002162206810981
0.005412012460721
0.006867080184280
0.006191124546379
0.003600750586180
0.002566800501912
0.000930040877038
0.003205840401075
0.008115045536327
0.012806567696241
0.015278886176827
0.016040563665559
0.014355345694993
0.009542198234992
0.004977824773066
0.008162991771251
0.016834950151806
0.022264968907910
0.022602816320086
0.023944372265924
0.023128777993143
0.019841956325290
0.014105175076515
0.016733931678814
0.028667556251146
0.031158772086108
0.027727266829539
0.026024963500811
0.027486952978240
0.029807860141104
0.031392385748510
0.028844607193526
0.034656211857582
0.024792456484377
0.016605819222461
0.011622391815191
0.016567348507888
0.027323770425991
0.048387609666674
0.043034645216315
0.030076106810190
0.010506266131105
0.003102125518784
-0.001766211324360
0.003034430440591
0.017320666494276
0.061044392473748
0.054742058895727
0.015793146337354
-0.000443956474545
-0.004448374760714
-0.004280009764184
-0.000928395742452
0.006365237500799
0.065403578345733
0.060442381019306
0.007190594142323
-0.002868569981137
-0.005317863600421
-0.002414148040252
-0.000378210297959
0.008957232318482
0.065268596863130
0.061629278864570
0.005420410580483
-0.003606361590479
-0.003770257057786
0.000234841217163
0.005872107023557
0.022263672747475
0.057755806629934
0.058826232325887
0.013156296993583
0.003315024468090
0.003611633463376
0.009416810291609
0.020591502133605
0.034510716649120
0.041629014996847
0.047220817980959
0.021654163689504
0.014600110714820
0.017382320560799
0.024065232448114
0.031491913383340
0.032327376601490
0.021715892837169
0.029934608088083
0.022406845136105
0.019116425739145
0.021236076073190
0.024737265781687
0.024842854120852
0.019734541597175
0.008372576128591
0.014251064852624
0.014825456260910
0.014611086690630
0.016609995544931
0.016404781568439
0.014261041776030
0.008727185934051
0.001782227470112
0.004726559319138
0.006274957870320
0.005393823627824
0.007462623380590
0.008506534209963
0.007381351594020
0.002767065226577
0.000108226880700
0.000782976587796
0.002959134113326
0.003161943947023
0.004871077846325
0.004350970719064
0.002061783149924
0.000097812302127
-0.000633419871308
0.000800666088443
0.004616060561840
0.009718192360241
0.009883635732028
0.011695837974781
0.013397453261424
0.006936148124854
0.000970810974823
0.003275550904375
0.006590454107249
0.009791980928584
0.003576189491277
0.003169520500702
0.009932042171563
0.011065523347523
0.003949209870641
0.004951594344719
0.006968781594049
0.008713972889585
0.000370592981746
0.000004658431013
0.004879541351805
0.010660635502891
0.006779249559794
0.004408349302221
0.006570732644991
0.007148639482725
-0.002907057381496
-0.003299825341393
0.001139213008085
0.008414556907677
0.007348085264125
0.001219290095566
0.004451207557249
0.005584782587258
-0.004818965061839
-0.005027625602946
0.000956744831637
0.006797701524844
0.006476408077495
-0.002247155780639
0.004402701661543
0.006436218546815
-0.000759839706838
-0.001217797194256
0.004542449918544
0.005291077472746
0.004336026999532
-0.002500731690366
0.006219436635092
0.007971477927913
0.002195285791604
-0.000824445977403
0.005228757938864
0.003032883220184
0.000340069650637
-0.003873916412159
0.005348226881370
0.008446717367681
0.002835246791567
-0.001235792014933
0.002488680254626
0.000040986115036
-0.003303115228667
-0.004170064788612
0.005726155293583
0.007492973953275
0.001488924150824
-0.003867133135024
-0.001422571126468
-0.003445209894414
-0.006428334906224
-0.004655371396738
0.005628008649262
0.008015371951018
0.001214926920087
-0.004743427527603
-0.003591118085843
-0.004856961074385
-0.007033097362534
-0.003414794896923
0.004103106138881
0.005932963291755
-0.001672115347521
-0.008021165311556
-0.004985136432268
-0.006596303775648
-0.007346434203508
-0.001546767371783
0.004179292641239
0.006396943636482
-0.002418899228017
-0.009266068482669
-0.006648690750418
-0.008103886734712
-0.006741332032682
-0.000631745496538
0.001883330850739
0.003155241657768
-0.004324070981615
-0.007110819122814
-0.005163489900839
-0.006005026324649
-0.003685437026885
0.002342457714819
0.003934556353130
0.004059658282719
-0.003077897884216
-0.005055276021501
-0.004290216211999
-0.004433584239611
-0.002699129655272
0.002899558776797
0.003172668852913
0.004248529824791
-0.001928649518785
-0.005068522336699
-0.002150546285370
-0.003748786330582
-0.002189897842396
0.002443741768666
0.002451804189547
0.004645437937718
-0.000060629318532
-0.004817901481820
-0.002887478383205
-0.003328723912701
-0.001301191204586
-0.000857458892915
-0.000848866571305
-0.001702442615806
-0.004603552989325
-0.005183477180995
-0.006213917462358
-0.004918638777014
-0.002269700345056
-0.001512578580816
-0.001248802432427
-0.002123719549750
-0.004278506266087
-0.004659227187102
-0.006214530839180
-0.006999519532811
-0.005165156017335
-0.001463451808354
-0.003008494962523
-0.007872341647744
-0.010083986094035
-0.007111326556710
-0.007343276943934
-0.008392305706726
-0.009042617264770
-0.003726779268520
-0.007138253527787
-0.012034604730130
-0.014975070900316
-0.012339446965750
-0.014295025597964
-0.014335995475985
-0.011783629069282
-0.005850966281813
-0.009326513197758
-0.011782747238898
-0.012087340583665
-0.009846686217650
-0.011964951043312
-0.012698087810115
-0.013213059304949
-0.010004775702862
-0.012425613496491
-0.012864491895728
-0.010809645728125
-0.012816993396622
-0.011448991329471
-0.010296552894480
-0.013312477019563
-0.014797924117390
-0.013968641923855
-0.015047213583590
-0.015510739299014
-0.015676687075586
-0.009476333791869
-0.008335990182324
-0.011772919428640
-0.018454275378370
-0.015180103655116
-0.017658169759260
-0.016131799125523
-0.010759513225948
-0.006262224186178
-0.005250005304427
-0.009840022061587
-0.022520509764117
-0.018046491292865
-0.018191556688937
-0.014344244915912
-0.006607856961828
-0.004655597954598
-0.003895038328590
-0.010051522413498
-0.024864450118194
-0.017567941055448
-0.014866574635105
-0.010017050726284
-0.003490200982628
-0.002167905644876
-0.002528572092952
-0.009919253588296
-0.026261576964764
-0.016894083139001
-0.010376803559248
-0.010956525438240
-0.004505001688265
-0.002512107725292
-0.003311228972562
-0.009965211514286
-0.024444797933456
-0.018873100810268
-0.013946982296444
-0.014690253508037
-0.008693833070754
-0.005250823491656
-0.006221037769264
-0.011207395471952
-0.018371096056395
-0.016985877249724
-0.019102389395943
-0.018629184194900
-0.011542230443077
-0.007807476917745
-0.011020609478561
-0.009042228121454
-0.012364638122020
-0.009409052492227
-0.013990669514041
-0.016341658930476
-0.012107991502497
-0.010162369836295
-0.008474378811927
-0.004037826137052
-0.007550192559509
-0.007565280882149
-0.010023954365333
-0.009950753395868
-0.003378220669654
-0.002090708174100
-0.001065411413303
-0.000923463475704
-0.003553757233164
-0.005103687118439
-0.006384951247841
-0.007370909426699
-0.002349109768524
-0.000498121462791
0.000331341983299
-0.000538391759293
0.000129251346990
-0.002599242198937
-0.005650996615090
-0.001884541187306
0.000311713266086
0.001621006630503
0.003242595526722
0.003949538747107
0.000294848605402
-0.001997263294835
-0.005832240265675
-0.002199596926753
0.000146015900330
0.000503985283799
-0.000507944377058
0.001335026479232
0.001301374885934
-0.001638190579703
-0.006986844326906
-0.005230378994891
-0.003716481651380
-0.003034493895469
-0.001701842475476
0.002887093726936
0.004508737102363
0.002352187964020
-0.004093600511530
-0.002489123934640
-0.000129717212512
0.000638275590599
-0.000806185802671
0.003425037832766
0.011149165555432
0.004668537193405
-0.000928780844677
0.001875611202828
0.003847823684773
0.004852087086952
0.001356903867908
0.002896157656189
0.014989429592952
0.007512559223341
0.003237975310905
0.002089249282503
0.002017769137013
-0.000227524267282
-0.004332062439226
-0.002662244689793
0.014752642313890
0.007354799825110
0.002658221976198
-0.001836682196680
-0.003010598408657
-0.005479103164618
-0.011784978757890
-0.008372597506038
0.010982165137745
0.008988845289801
0.004423053567554
-0.004106429375194
-0.006149830253275
-0.009511978482576
-0.012259345871912
-0.010094978408178
0.009784065251314
0.016373344813696
0.011111479853522
-0.003093769792954
-0.006722144258675
-0.008310793994785
-0.008992319520235
-0.010501147187093
0.007204900481774
0.016917865387072
0.010608690307704
-0.002703344204301
-0.006735227749780
-0.008540373723942
-0.008054030801818
-0.011296471351691
0.007200096072467
0.015310693244675
0.008096618330815
-0.001758639357178
-0.004559415634376
-0.006102722744822
-0.006952977649498
-0.011557703179880
0.005079964150714
0.011873825202321
0.006559775966006
-0.000586231404873
-0.005214503177156
-0.005775550936503
-0.006106762392810
-0.012362695053763
0.003440952394433
0.006205515435689
0.001100578330032
-0.002567096493286
-0.006457394081132
-0.008327793401313
-0.008074883929047
-0.012402212227466
-0.000056065245699
-0.000436080581549
-0.001776471650780
-0.002611370707129
-0.006237633472783
-0.007296524146266
-0.008036479284180
-0.009683166425997
0.000360785149484
-0.001822410555283
-0.004290536306963
-0.005725792577920
-0.009244523149794
-0.009844804247166
-0.009269615926083
-0.005587206082782
-0.000084887771259
-0.001323493211124
-0.004611918514395
-0.007006356085386
-0.009578741973704
-0.009663622297243
-0.006225430395148
-0.002138938711208
-0.000529913047264
0.000167295777077
-0.000375281851628
-0.002760768138889
-0.000102900418774
0.001471490947573
0.000834300248283
0.000330799404781
-0.000683492767491
-0.000061405704183
0.000507541462122
-0.002044199342060
-0.000649504595359
0.000803054419672
-0.000051547641828
-0.000550841504234
-0.000735991831877
0.001409452920386
0.002928061593556
-0.003176894553308
-0.002753863254224
-0.002452606519757
-0.003390089021501
-0.003090263502769
0.000287060455427
0.002003866901243
0.000408845307848
-0.007680633615484
-0.002528434912118
-0.000190984156906
-0.002833178358737
-0.005201860155402
0.000802013313746
-0.000820752750396
-0.005179734278086
-0.009781457641151
-0.005003995819300
-0.003085006828725
-0.005974521335257
-0.007854040921306
-0.004723879982931
-0.006789611127661
-0.004985931404129
-0.008879351905690
-0.007213834731209
-0.003792042676200
-0.005075456328033
-0.009826241147481
-0.012137531140947
-0.006504740480148
0.002242878690176
-0.004153392238933
-0.002818784619351
-0.002145729906028
-0.004007970254958
-0.010211782042356
-0.021211272390884
-0.006134207224349
0.004441671214208
0.001822106935392
0.001297655223900
0.000952244364017
-0.001880873429325
-0.008833552335562
-0.026342572653170
-0.008128619571447
-0.002362056863400
-0.002966308672716
0.003921490952463
0.006712195254171
0.004665802349811
-0.002032132554477
-0.026941718025635
-0.010544128220600
-0.006642311422469
-0.007711938164117
-0.001448572746544
0.003895263713289
0.004657359276023
0.003183453168758
-0.024298756215725
-0.010823730808785
-0.006218938764740
-0.009582545562508
-0.005404344461086
0.000813792517148
0.002217836750026
0.004849714577382
-0.017401570316103
-0.011516413772317
-0.005609640691591
-0.007330463328014
-0.004449871542808
0.000325962792467
0.000826816839388
0.003009679959677
-0.006831924143492
-0.006246556063735
-0.001469433564846
-0.005471632574334
-0.007575924493096
-0.001895684053670
0.001169848885128
0.003281473073746
-0.001994668306643
-0.003113970319080
-0.001126910566313
-0.005067476701111
-0.006440556037248
0.002245475037771
0.002629965824185
0.001211538396218
0.000234644314706
0.000579017683045
0.000043696218724
-0.002546454824762
-0.003624565587412
0.002111425804778
0.001284564679673
0.000683135791404
0.001706416112383
0.002283938307913
0.001841823349169
-0.000705264022702
-0.003566810741030
0.000379144031604
0.000459595832574
-0.000177726767656
-0.001146549243649
-0.000627881381532
-0.000145949363294
0.001309206915452
0.000715625501208
0.000005553784061
0.000733482527800
0.000841908162684
-0.001745261661495
-0.001205124578565
0.001203122343169
0.003513808052992
0.002701332366364
0.000744446924801
-0.000091066814884
-0.000517964141975
-0.002275208881626
-0.001483325782330
0.001554758805770
0.004272309829525
0.002998100535660
0.001162794380413
-0.000503846556420
-0.001797709519847
-0.003068903896878
-0.001157490510533
0.002382595234790
0.004858469512847
0.003066351559381
0.002211256944782
0.000018145671889
-0.002053401944945
-0.003525475114201
-0.000836743631877
0.002010227763486
0.005982104104551
0.005070983190178
0.004574895892741
0.000278568484392
-0.001527141114253
-0.001971051512072
0.000686956670282
0.002825253317331
0.009645313612361
0.010381622618821
0.004952606819966
0.000537008131540
0.000676110037315
0.000750005793940
0.002572663117309
0.004449093335055
0.010983170783207
0.012396201722701
0.008271000613528
0.002239644238612
0.002364102450733
0.001258039896601
0.001633197595940
0.004091404067575
0.009662124105784
0.011645166640731
0.007344642644145
0.000599634090468
0.001417327051253
0.001471012660466
0.003960970145062
0.004592300989711
0.010674707448340
0.013457173323922
0.008472249257975
0.001658171389543
0.000221592885763
-0.002174068121712
-0.000142739797527
0.001255464571635
0.008370595382174
0.011299380594484
0.003512927513268
-0.002429112008913
-0.004180233160240
-0.004776386918288
-0.005662405095037
-0.002420281943604
0.005918281784612
0.009927208232306
0.002581310530865
-0.002185065702893
-0.006384243949178
-0.004916201730842
-0.007313132118681
-0.002077379236948
0.005118968431501
0.009374650587023
0.001085580874295
-0.002499357094818
-0.006414971757779
-0.005167814858958
-0.007071877146556
-0.003043105009590
0.003800560583030
0.008429681801656
0.001358925299445
-0.001048445810327
-0.003556853534735
-0.004888507464155
-0.005043540192086
-0.002066629655758
0.002953826995968
0.005501510525837
0.000545419541666
-0.001068651437627
-0.001242891299104
-0.003887204862715
-0.004935800307314
-0.002335674694297
0.001004655563890
0.003478482222843
0.000915545966795
0.000258291144638
0.000206320765110
-0.001630306093235
-0.003863010634904
-0.003359818005031
-0.000927924040173
0.002399289444852
0.001949897159732
0.001250727982866
0.000170714493345
-0.000931343833512
-0.002248967275422
-0.005647853190713
-0.012425223128089
-0.011828006133945
-0.006852135737336
-0.003981689227213
-0.001969156644983
-0.000645114325607
-0.003485492615432
-0.007677832834164
-0.012815976304167
-0.010644874866058
-0.007906743483544
-0.004769898574660
-0.002163369060247
0.002340862811593
-0.003853929697676
-0.009416680545827
-0.016016612085305
-0.013470387224632
-0.009619207780171
-0.005770763558461
-0.000137785769097
0.007224195035940
-0.007327284235668
-0.012111184063425
-0.015740990927296
-0.010313864862647
-0.004916972395690
-0.001595736685301
0.003362051283398
0.012033196941500
-0.014229534665294
-0.016266280340672
-0.017104584398242
-0.010996590548907
-0.001162750738371
0.002546517736574
0.006836518317925
0.013312296978518
-0.010804510333576
-0.007155929215408
-0.008270063807462
-0.008083376889719
0.002440248628735
0.005860347083142
0.009243379319095
0.012802628715306
-0.005631505801346
-0.007057163137691
-0.009629097045325
-0.010137153770867
0.002789912814119
0.008160842638119
0.010291705178700
0.012524024154488
-0.001118744984538
-0.006952251970699
-0.008992587224933
-0.007790465809732
0.008387818245831
0.011592998413427
0.010447759531923
0.011388574230949
-0.000297920189660
-0.008327914237487
-0.006375286461862
-0.003795096957535
0.012011453717564
0.015528447413363
0.009176648076124
0.009707047911876
0.006676429697095
-0.001654267177156
-0.001879876247988
-0.001349814383214
0.014234229920168
0.018785266986555
0.008980192781062
0.006107922365986
0.008871306716419
0.006848406070085
0.005077557988883
-0.001572501555912
0.008842902850466
0.013137836017085
0.008455151360911
0.001950412929462
0.003929612155585
0.003251517549393
-0.002813306793066
-0.009394185161142
-0.002022295277922
0.003730530435317
0.007613703090845
-0.000488344903703
0.000036476935031
-0.000401139578510
-0.005864591603830
-0.008664571229344
0.000177694904495
0.003826866135896
0.006141967802192
-0.002317692045495
-0.002634531853334
-0.003790228090118
-0.006655672297512
-0.010465364497047
-0.002690782120047
-0.001307511941155
0.000083781821567
-0.002323479909624
-0.003681958798434
-0.005713650862654
-0.008287421554271
-0.013266623792005
-0.004948199848758
-0.003038106393549
-0.001299893827878
-0.001502555941093
-0.002789491890256
-0.004224303900332
-0.007424844071153
-0.011504170545093
-0.003715099331520
-0.002166848496721
-0.001366425142207
-0.000131410295021
-0.000912167598653
-0.002279922159877
-0.002809660180438
-0.003342092956558
-0.002722654139395
-0.001455684572246
0.000103396080476
0.000504295593507
-0.001122170301728
-0.002500114564968
-0.002819432791549
-0.003551391703980
-0.003048505471186
-0.002314252420228
0.001053842275682
0.001236583394517
-0.001080212867160
-0.003958527055867
-0.006069136556042
-0.006818602204968
-0.006298781833365
-0.003327346398086
0.002020495926458
0.000948388328954
-0.002004514611022
-0.006979924721563
-0.007333819587240
-0.006193918961891
-0.005833760491502
-0.001481614390156
0.002170140528086
-0.000676792510552
-0.006345545801385
-0.010089711078386
-0.007817123035636
-0.009520377414877
-0.008750030889830
-0.001350407364376
0.000036573538064
-0.004688809506535
-0.007368135349775
-0.006301153091506
-0.004956731812497
-0.009860818471339
-0.006604150340397
0.000015859375108
-0.002915319407172
-0.008078819951553
-0.002382230071041
-0.004662143288821
-0.005732717881378
-0.008956217532095
-0.003666715523628
-0.000061018295080
-0.005393835278854
-0.011132684809684
0.000194447678771
-0.004571911346437
-0.005168305495252
-0.006402319778833
-0.002538245894488
-0.002214221146992
-0.007002873476944
-0.013407834322143
-0.000309784578126
-0.002433817178108
-0.002999593656631
-0.005524359904139
-0.003870567772237
-0.003877632762766
-0.008702739081051
-0.014323615615812
-0.002766817304992
-0.001413091033789
-0.001502617470572
-0.004743949416953
-0.004735872691901
-0.004262614732230
-0.009517568603657
-0.013498326573363
-0.008738500469125
-0.003337694758332
-0.002371881819434
-0.003957316942830
-0.003550727280192
-0.006384838350172
-0.010859452557727
-0.010813276082179
-0.009272374274044
-0.003521197506217
-0.003238473939500
-0.001922377952330
-0.002734612390527
-0.005752660466047
-0.009286106783079
-0.008415556001480
-0.007784951975398
-0.003527656782804
-0.002904260242947
-0.000852118995778
-0.002311517409410
-0.004315609340400
-0.006213276379557
-0.005300625801824
-0.004624303838481
-0.002369518566920
-0.001204510064768
-0.000637986999095
-0.002534797210897
-0.003289914614210
-0.002836775615200
-0.004325341604318
-0.003850339848926
-0.002266907992190
-0.001485460716980
-0.001644335219112
-0.002446933688749
-0.001679272937398
-0.001169738923719
-0.002859358412558
-0.003739647643033
-0.003321655089323
-0.002849801745599
-0.001832122490484
-0.001537466453289
-0.001169010506492
-0.000608473978356
-0.000363131268398
-0.000709388506830
-0.001096576126316
-0.001885404327774
-0.002004749183736
-0.001888545654584
-0.001656531306062
-0.001057271857205
-0.000677757292577
-0.001071326491097
-0.001634535413613
-0.001754655625188
-0.001827225896030
-0.001500407149768
-0.001378668248440
-0.000848932382431
-0.001074753219842
-0.001605740595751
-0.002139460690472
-0.002238894453384
-0.002895551036397
-0.001945608429577
-0.001818227172661
-0.000883475544556
-0.001256661449603
-0.002401682649647
-0.003421004526331
-0.003329635125356
-0.004524847490583
-0.003155684122651
-0.002600438522255
-0.000770452148275
-0.000773427206099
-0.004087323618085
-0.004546185505812
-0.004647804926853
-0.004763555950124
-0.002477599744508
-0.001510608269556
0.001925704293547
0.001242064456685
-0.005469102701259
-0.003825548276953
-0.003679753868434
-0.002743610360971
-0.002250440362274
-0.000366107580529
0.005314672443708
0.002042592846544
-0.005377788943430
-0.001563333321415
-0.000223208228361
-0.000870316474018
-0.001712444511966
-0.000113952859142
0.006922993568696
0.002720832926738
-0.002850859702368
0.000462347789693
0.002797729838126
0.000770047434142
-0.001158607652675
-0.000162745419043
0.006387447292602
0.002466211403096
-0.001892745860359
0.001624943087709
0.003226615130854
0.001434477853279
-0.000392420020903
0.001237446216731
0.005477743547444
0.001628917429565
0.000780223389866
0.003909302943001
0.002195416539053
0.002113590113702
0.002184784581759
0.003191671448610
0.003518710712581
0.000048157328306
0.001547969473139
0.001396507104904
-0.000511299260468
0.001250339158719
0.002434280513619
0.001916036464858
0.000198272315849
-0.001973931082303
-0.000141116642180
-0.001734701325555
-0.001986124361105
-0.001217887180324
-0.001105592100131
-0.001308893105723
-0.001711374750975
-0.003278892774344
-0.002695175803342
-0.003305915387426
-0.003522299475694
-0.003401648040836
-0.002877434109993
-0.002818267112781
-0.001983682091148
-0.002439372960312
-0.002749131040920
-0.002599334431238
-0.002445687134804
-0.002595935248215
-0.001588021782832
-0.001737484771067
-0.001217641993419
-0.001461119717501
-0.001713263292071
-0.001722525149478
-0.001715195286103
-0.001901852756133
-0.001229215963538
-0.001034615113580
-0.000582671119985
-0.000873579623500
-0.001204827533347
-0.001457755606616
-0.001872658347349
-0.001896826876013
-0.001187666075549
-0.000866302083824
-0.000563435951496
-0.000879421055086
-0.001765326252810
-0.004307704971649
-0.005568993496415
-0.005762388444585
-0.004613473088651
-0.002402660175840
-0.000897761185561
-0.001084347702265
-0.002716264449968
-0.003631753745900
-0.003737071653643
-0.003114721992360
-0.002664922430358
-0.001391786824139
-0.000508672124140
-0.001251337656925
-0.002924074662108
-0.003416401382269
-0.003207060877527
-0.002813448532376
-0.002269384638713
-0.000582335179039
0.000039445063270
-0.001057250343210
-0.002746969976022
-0.003437465163367
-0.002533166938508
-0.002748309496620
-0.002031340138263
0.000515510283868
0.000441619313528
-0.001658852658051
-0.002915810987782
-0.002555629688611
-0.002481069276416
-0.002763296770363
-0.001669054927645
0.000007011230974
-0.000553043379425
-0.004648435474725
-0.001851278174821
-0.000810937982197
-0.003438478846425
-0.002182762069073
-0.001568603069933
-0.003160161664040
-0.002498262006100
-0.007134903937447
-0.001095420250277
-0.001543654844567
-0.002227436996138
-0.001061980163620
-0.002737537689833
-0.005353461216449
-0.003608701154123
-0.009137447865757
-0.002128226248542
-0.000740897639835
0.001800363416124
0.001086513364293
-0.003121943106356
-0.005863094735920
-0.004483189447257
-0.009193636647141
-0.002872035293784
-0.000119422175592
0.001971253667618
0.000940247093131
-0.002832940784635
-0.004574596739824
-0.005214149252725
-0.007760742451632
-0.002278917960936
0.000020469364402
-0.001464269240092
-0.000100281346304
-0.000965307593333
-0.002604512696496
-0.005764962754476
-0.004751676913050
-0.000033487434318
-0.001777160211837
-0.003466190108405
-0.001078944603853
0.000121018063761
-0.000091152685139
-0.004405880622162
-0.002684514959981
0.000500945533460
-0.001894895970651
-0.002415850855881
-0.001029126413936
-0.001120360162787
-0.000846630212887
-0.003408502725676
-0.001240212331582
-0.000259772014299
-0.002462355925799
-0.002690012576722
-0.001899853822551
-0.002595840585017
-0.002447069551851
-0.003246933661272
-0.001215866122920
-0.001239677013334
-0.002949826481107
-0.003776820553116
-0.002135449311009
-0.002763699522662
-0.002307750963729
-0.002461566368700
-0.001433683392059
-0.001645202464015
-0.002754703832344
-0.004234136596826
-0.002906231722328
-0.003951850101126
-0.003212912936972
-0.002037516848656
-0.001323718732437
-0.001880272481599
-0.003081997517738
-0.004909929807837
-0.005278431124686
-0.005295249603344
-0.002688126075626
-0.001671669147158
0.003260139427033
0.003479102356653
0.000350208273401
-0.002520712723797
-0.002436666701074
0.001441071350274
0.004703261578714
0.004933308289323
0.004183681803094
0.005866025108566
0.002888703844976
-0.000761033737528
-0.000688919722229
0.003554909228098
0.006389174842779
0.006920700448556
0.003742324261591
0.005377333051644
0.004113802893094
0.000652390070432
0.000624198204317
0.005540522417508
0.008460148843760
0.007190866184233
0.003185438166283
0.003794665306538
0.003617275440905
0.003176391911185
0.003807174176691
0.007918262740748
0.009701317394220
0.005843623210514
0.001630474654707
0.002079423011195
0.003011533622915
0.003373891719232
0.006030511500937
0.010654434892877
0.009085088058183
0.003522659271678
-0.000620619956851
0.000636700302598
0.001780243337842
0.003199012832773
0.007581853808638
0.011307087844583
0.007069649439111
0.002419642369845
-0.002825643847508
-0.001756958866495
-0.000953469152665
0.001632561603124
0.008302334612820
0.009502737968953
0.005397435265868
0.001906112985171
-0.004021538975047
-0.002148285796394
-0.002499303452956
-0.000193238434756
0.006891235604322
0.005890197792582
0.004453878881851
0.000970773711984
-0.004258428078347
-0.001560424513796
-0.000826780596945
-0.000318145786893
0.003376787975442
0.003422703546859
0.002234913012771
-0.000203358830410
-0.003762364346531
-0.000609228446770
0.002269652554247
0.000233328006820
0.001745629120329
0.002023581759354
0.001831801530198
-0.000257278216885
-0.002036233851877
0.002169681662402
0.004275204587382
-0.001325535723590
-0.001082268981516
0.000931289480684
0.001578494910330
0.000443176905887
-0.000448777193943
0.003318426269140
0.003287986534738
-0.001138256299627
-0.002883569891388
-0.000108931415786
0.001748181127041
0.000916167484159
0.003043199529478
0.004020645621965
0.002628940408563
-0.000110825739225
-0.003488267597976
-0.000076621298956
0.002245015337272
0.001437191135798
0.004552242362469
0.004003918010809
0.003095756363851
0.000244936522843
-0.003085431436786
-0.000334434924737
0.001662440063551
0.001424795888183
0.004518777558922
0.003904617893610
0.003408576285040
0.000890643478420
-0.001838662828665
-0.000573900307856
0.001173461704587
0.001289761638025
0.003736827255696
0.004306999007237
0.004185549973157
0.002536243178016
-0.000810711721708
-0.000771748018019
0.000949773580515
0.000765873405815
-0.001410167955452
-0.002848337201489
-0.004366854576236
-0.007465935990777
-0.010357086575609
-0.006578371419322
-0.005116988768569
-0.002579314831048
-0.001478001144300
-0.002989505827499
-0.004896902379321
-0.006078029417302
-0.007968587020873
-0.006951225752135
-0.007511474052219
-0.004322127550033
-0.002983626415446
-0.004092069109124
-0.006999532350606
-0.007531586686619
-0.013632212821200
-0.012173924238952
-0.012591496183700
-0.009858638322334
-0.003833520076839
-0.008514498232938
-0.010553150134983
-0.011609680255921
-0.021616111381229
-0.019487445701650
-0.018650342213508
-0.012139492503796
-0.005572482756488
-0.008624510496467
-0.006808077565575
-0.017701617103243
-0.020431352443381
-0.015224907124867
-0.017708527345941
-0.012042178074756
-0.010730010319530
-0.009692575115270
-0.017404995531416
-0.022305416489514
-0.013671520827589
-0.016095706698534
-0.018287068466309
-0.011380130293013
-0.020391254314346
-0.016839459406229
-0.023593182639639
-0.020286416849702
-0.011306261999994
-0.017369329849136
-0.015194253421683
-0.010905467150123
-0.026047753784565
-0.018556173490965
-0.017479128556013
-0.016177726407654
-0.018030636177193
-0.017346678720366
-0.010318120089503
-0.010029258440891
-0.031976099784054
-0.017437631224582
-0.013750370832198
-0.012644762258009
-0.018406781561018
-0.015964842118046
-0.010128190087895
-0.010522108321108
-0.030378276735343
-0.009369106445063
-0.008637541704744
-0.009417419974470
-0.017422680190440
-0.017155876694469
-0.009016999140627
-0.010685867797038
-0.026186328349864
-0.008164778558132
-0.008241894333280
-0.012637701940193
-0.014057598102342
-0.013960897839915
-0.008284459327712
-0.008521090442522
-0.022678421400475
-0.011860103531737
-0.007842280137920
-0.012533354768209
-0.008030667375887
-0.008852858800495
-0.007403783908297
-0.009134414324526
-0.017379215708097
-0.016429041796942
-0.015246732266759
-0.018001978871079
-0.013222702342940
-0.011379389087803
-0.008726366950357
-0.008373458304317
-0.008587806669390
-0.010595334913581
-0.013039200065614
-0.016109701459541
-0.013597661543519
-0.010663855026283
-0.008032836602307
-0.004878673261014
-0.003349377697036
-0.004200683545468
-0.006116602503664
-0.009543139349703
-0.007673121914927
-0.003419370567169
-0.003257331697783
-0.001734697243840
-0.002246665957906
-0.004588027756157
-0.007480894943759
-0.009004467504622
-0.007591662092495
-0.002884603084685
-0.002012473842031
-0.000843720769561
0.000000000000000
0.000000000000000
0.000000000000000
0.000000000000000
0.000000000000000
0.000000000000000
0.000000000000000
0.000000000000000
0.000000000000000
0.000000000000000
0.000000000000000
0.000000000000000
0.000000000000000
0.000000000000000
0.000000000000000
0.000000000000000
0.000000000000000
0.000000000000000
0.000000000000000
0.000000000000000
0.000000000000000
0.000000000000000
0.000000000000000
0.000000000000000
0.000000000000000
0.000000000000000
0.000000000000000
0.000000000000000
0.000000000000000
0.000000000000000
0.000000000000000
0.000000000000000
0.000000000000000
0.000000000000000
0.000000000000000
0.000000000000000
0.000000000000000
0.000000000000000
0.000000000000000
0.000000000000000
0.000000000000000
0.000000000000000
0.000000000000000
0.000000000000000
0.000000000000000
0.000000000000000
0.000000000000000
0.000000000000000
0.000000000000000
0.000000000000000
0.000000000000000
0.000000000000000
0.000000000000000
0.000000000000000
0.000000000000000
0.000000000000000
0.000000000000000
0.000000000000000
0.000000000000000
0.000000000000000
0.000000000000000
0.000000000000000
0.000000000000000
0.000000000000000
0.000000000000000
0.000000000000000
0.000000000000000
0.000000000000000
0.000000000000000
0.000000000000000
0.000000000000000
0.000000000000000
0.000000000000000
0.000000000000000
0.000000000000000
0.000000000000000
0.000000000000000
0.000000000000000
0.000000000000000
0.000000000000000
0.000000000000000
0.000000000000000
0.000000000000000
0.000000000000000
0.000000000000000
0.000000000000000
0.000000000000000
0.000000000000000
0.000000000000000
0.000000000000000
0.000000000000000
0.000000000000000
0.000000000000000
0.000000000000000
0.000000000000000
0.000000000000000
0.000000000000000
0.000000000000000
0.000000000000000
0.000000000000000
0.000000000000000
0.000000000000000
0.000000000000000
0.000000000000000
0.000000000000000
0.000000000000000
0.000000000000000
0.000000000000000
0.000000000000000
0.000000000000000
0.000000000000000
0.000000000000000
0.000000000000000
0.000000000000000
0.000000000000000
0.000000000000000
0.000000000000000
0.000000000000000
0.000000000000000
0.000000000000000
0.000000000000000
0.000000000000000
0.000000000000000
0.000000000000000
0.000000000000000
0.000000000000000
0.000000000000000
0.000000000000000
0.000000000000000
0.000000000000000
0.000000000000000
0.000000000000000
0.000000000000000
0.000000000000000
0.000000000000000
0.000000000000000
0.000000000000000
0.000000000000000
0.000000000000000
0.000000000000000
0.000000000000000
0.000000000000000
0.000000000000000
0.000000000000000
0.000000000000000
0.000000000000000
0.000000000000000
0.000000000000000
0.000000000000000
0.000000000000000
0.000000000000000
0.000000000000000
0.000000000000000
0.000000000000000
0.000000000000000
0.000000000000000
0.000000000000000
0.000000000000000
0.000000000000000
0.000000000000000
0.000000000000000
0.000000000000000
0.000000000000000
0.000000000000000
0.000000000000000
0.000000000000000
0.000000000000000
0.000000000000000
0.000000000000000
0.000000000000000
0.000000000000000
0.000000000000000
0.000000000000000
0.000000000000000
0.000000000000000
0.000000000000000
0.000000000000000
0.000000000000000
0.000000000000000
0.000000000000000
0.000000000000000
0.000000000000000
0.000000000000000
0.000000000000000
0.000000000000000
0.000000000000000
0.000000000000000
0.000000000000000
0.000000000000000
0.000000000000000
0.000000000000000
0.000000000000000
0.000000000000000
0.000000000000000
0.000000000000000
0.000000000000000
0.000000000000000
0.000000000000000
0.000000000000000
0.000000000000000
0.000000000000000
0.000000000000000
0.000000000000000
0.000000000000000
0.000000000000000
0.000000000000000
0.000000000000000
0.000000000000000
0.000000000000000
0.000000000000000
0.000000000000000
0.000000000000000
0.000000000000000
0.000000000000000
0.000000000000000
0.000000000000000
0.000000000000000
0.000000000000000
0.000000000000000
0.000000000000000
0.000000000000000
0.000000000000000
0.000000000000000
0.000000000000000
0.000000000000000
0.000000000000000
0.000000000000000
0.000000000000000
0.000000000000000
0.000000000000000
0.000000000000000
0.000000000000000
0.000000000000000
0.000000000000000
0.000000000000000
0.000000000000000
0.000000000000000
0.000000000000000
0.000000000000000
0.000000000000000
0.000000000000000
0.000000000000000
0.000000000000000
0.000000000000000
0.000000000000000
0.000000000000000
0.000000000000000
0.000000000000000
0.000000000000000
0.000000000000000
0.000000000000000
0.000000000000000
0.000000000000000
0.000000000000000
0.000000000000000
0.000000000000000
0.000000000000000
0.000000000000000
0.000000000000000
0.000000000000000
0.000000000000000
0.000000000000000
0.000000000000000
0.000000000000000
0.000000000000000
0.000000000000000
0.000000000000000
0.000000000000000
0.000000000000000
0.000000000000000
0.000000000000000
0.000000000000000
0.000000000000000
0.000000000000000
0.000000000000000
0.000000000000000
0.000000000000000
0.000000000000000
0.000000000000000
0.000000000000000
0.000000000000000
0.000000000000000
0.000000000000000
0.000000000000000
0.000000000000000
0.000000000000000
0.000000000000000
0.000000000000000
0.000000000000000
0.000000000000000
0.000000000000000
0.000000000000000
0.000000000000000
0.000000000000000
0.000000000000000
0.000000000000000
0.000000000000000
0.000000000000000
0.000000000000000
0.000000000000000
0.000000000000000
0.000000000000000
0.000000000000000
0.000000000000000
0.000000000000000
0.000000000000000
0.000000000000000
0.000000000000000
0.000000000000000
0.000000000000000
0.000000000000000
0.000000000000000
0.000000000000000
0.000000000000000
0.000000000000000
0.000000000000000
0.000000000000000
0.000000000000000
0.000000000000000
0.000000000000000
0.000000000000000
0.000000000000000
0.000000000000000
0.000000000000000
0.000000000000000
0.000000000000000
0.000000000000000
0.000000000000000
0.000000000000000
0.000000000000000
0.000000000000000
0.000000000000000
0.000000000000000
0.000000000000000
0.000000000000000
0.000000000000000
0.000000000000000
0.000000000000000
0.000000000000000
0.000000000000000
0.000000000000000
0.000000000000000
0.000000000000000
0.000000000000000
0.000000000000000
0.000000000000000
0.000000000000000
0.000000000000000
0.000000000000000
0.000000000000000
0.000000000000000
0.000000000000000
0.000000000000000
0.000000000000000
0.000000000000000
0.000000000000000
0.000000000000000
0.000000000000000
0.000000000000000
0.000000000000000
0.000000000000000
0.000000000000000
0.000000000000000
0.000000000000000
0.000000000000000
0.000000000000000
0.000000000000000
0.000000000000000
0.000000000000000
0.000000000000000
0.000000000000000
0.000000000000000
0.000000000000000
0.000000000000000
0.000000000000000
0.000000000000000
0.000000000000000
0.000000000000000
0.000000000000000
0.000000000000000
0.000000000000000
0.000000000000000
0.000000000000000
0.000000000000000
0.000000000000000
0.000000000000000
0.000000000000000
0.000000000000000
0.000000000000000
0.000000000000000
0.000000000000000
0.000000000000000
0.000000000000000
0.000000000000000
0.000000000000000
0.000000000000000
0.000000000000000
0.000000000000000
0.000000000000000
0.000000000000000
0.000000000000000
0.000000000000000
0.000000000000000
0.000000000000000
0.000000000000000
0.000000000000000
0.000000000000000
0.000000000000000
0.000000000000000
0.000000000000000
0.000000000000000
0.000000000000000
0.000000000000000
0.000000000000000
0.000000000000000
0.000000000000000
0.000000000000000
0.000000000000000
0.000000000000000
0.000000000000000
0.000000000000000
0.000000000000000
0.000000000000000
0.000000000000000
0.000000000000000
0.000000000000000
0.000000000000000
0.000000000000000
0.000000000000000
0.000000000000000
0.000000000000000
0.000000000000000
0.000000000000000
0.000000000000000
0.000000000000000
0.000000000000000
0.000000000000000
0.000000000000000
0.000000000000000
0.000000000000000
0.000000000000000
0.000000000000000
0.000000000000000
0.000000000000000
0.000000000000000
0.000000000000000
0.000000000000000
0.000000000000000
0.000000000000000
0.000000000000000
0.000000000000000
0.000000000000000
0.000000000000000
0.000000000000000
0.000000000000000
0.000000000000000
0.000000000000000
0.000000000000000
0.000000000000000
0.000000000000000
0.000000000000000
0.000000000000000
0.000000000000000
0.000000000000000
0.000000000000000
0.000000000000000
0.000000000000000
0.000000000000000
0.000000000000000
0.000000000000000
0.000000000000000
0.000000000000000
0.000000000000000
0.000000000000000
0.000000000000000
0.000000000000000
0.000000000000000
0.000000000000000
0.000000000000000
0.000000000000000
0.000000000000000
0.000000000000000
0.000000000000000
0.000000000000000
0.000000000000000
0.000000000000000
0.000000000000000
0.000000000000000
0.000000000000000
0.000000000000000
0.000000000000000
0.000000000000000
0.000000000000000
0.000000000000000
0.000000000000000
0.000000000000000
0.000000000000000
0.000000000000000
0.000000000000000
0.000000000000000
0.000000000000000
0.000000000000000
0.000000000000000
0.000000000000000
0.000000000000000
0.000000000000000
0.000000000000000
0.000000000000000
0.000000000000000
0.000000000000000
0.000000000000000
0.000000000000000
0.000000000000000
0.000000000000000
0.000000000000000
0.000000000000000
0.000000000000000
0.000000000000000
0.000000000000000
0.000000000000000
0.000000000000000
0.000000000000000
0.000000000000000
0.000000000000000
0.000000000000000
0.000000000000000
0.000000000000000
0.000000000000000
0.000000000000000
0.000000000000000
0.000000000000000
0.000000000000000
0.000000000000000
0.000000000000000
0.000000000000000
0.000000000000000
0.000000000000000
0.000000000000000
0.000000000000000
0.000000000000000
0.000000000000000
0.000000000000000
0.000000000000000
0.000000000000000
0.000000000000000
0.000000000000000
0.000000000000000
0.000000000000000
0.000000000000000
0.000000000000000
0.000000000000000
0.000000000000000
0.000000000000000
0.000000000000000
0.000000000000000
0.000000000000000
0.000000000000000
0.000000000000000
0.000000000000000
0.000000000000000
0.000000000000000
0.000000000000000
0.000000000000000
0.000000000000000
0.000000000000000
0.000000000000000
0.000000000000000
0.000000000000000
0.000000000000000
0.000000000000000
0.000000000000000
0.000000000000000
0.000000000000000
0.000000000000000
0.000000000000000
0.000000000000000
0.000000000000000
0.000000000000000
0.000000000000000
0.000000000000000
0.000000000000000
0.000000000000000
0.000000000000000
0.000000000000000
0.000000000000000
0.000000000000000
0.000000000000000
0.000000000000000
0.000000000000000
0.000000000000000
0.000000000000000
0.000000000000000
0.000000000000000
0.000000000000000
0.000000000000000
0.000000000000000
0.000000000000000
0.000000000000000
0.000000000000000
0.000000000000000
0.000000000000000
0.000000000000000
0.000000000000000
0.000000000000000
0.000000000000000
0.000000000000000
0.000000000000000
0.000000000000000
0.000000000000000
0.000000000000000
0.000000000000000
0.000000000000000
0.000000000000000
0.000000000000000
0.000000000000000
0.000000000000000
0.000000000000000
0.000000000000000
0.000000000000000
0.000000000000000
0.000000000000000
0.000000000000000
0.000000000000000
0.000000000000000
0.000000000000000
0.000000000000000
0.000000000000000
0.000000000000000
0.000000000000000
0.000000000000000
0.000000000000000
0.000000000000000
0.000000000000000
0.000000000000000
0.000000000000000
0.000000000000000
0.000000000000000
0.000000000000000
0.000000000000000
0.000000000000000
0.000000000000000
0.000000000000000
0.000000000000000
0.000000000000000
0.000000000000000
0.000000000000000
0.000000000000000
0.000000000000000
0.000000000000000
0.000000000000000
0.000000000000000
0.000000000000000
0.000000000000000
0.000000000000000
0.000000000000000
0.000000000000000
0.000000000000000
0.000000000000000
0.000000000000000
0.000000000000000
0.000000000000000
0.000000000000000
0.000000000000000
0.000000000000000
0.000000000000000
0.000000000000000
0.000000000000000
0.000000000000000
0.000000000000000
0.000000000000000
0.000000000000000
0.000000000000000
0.000000000000000
0.000000000000000
0.000000000000000
0.000000000000000
