-0.6711402324170348
-0.8084859146274408
0.9232401197624935
0.31234306642399534
0.85654365975209
-0.3276906030849109
0.3470039741967754
-0.11709514941584541
0.20462641265407902
0.5758093674968618
0.43501377924914975
0.465901834431333
0.12476284308543281
0.3942937991874215
0.4347107258150007
0.10432414620006172
-0.6125755965365624
0.2539645419510408
-0.0796791200441915
0.4978090122148105
0.267178765055435
0.05217522115552988
0.046537295146821575
0.4229267109708836
-0.22961027629491257
0.05572123038230663
0.313656889726719
0.49291113279533344
0.5180291086342015
0.22579730629259737
0.17363777467119612
-0.16443906189441343
-0.6752430645754848
0.45701186836490054
0.20173459195349452
0.44441895099600176
0.4893782960103711
0.17927797974987258
0.07049824738599442
0.20861519612293564
-0.39038832119638905
0.3213538280478297
0.28356356021215295
0.30300993089472517
0.20158375183200436
0.1107955949509277
0.16817096944793758
0.09503380284455142
-0.31597806914814097
-0.11689219163982294
0.38425089838317955
0.19958890255197784
-0.031950631801833565
0.18992009723803824
0.3717824493624802
0.2742936315125784
0.3974321422938615
-0.3601975581320574
-0.11395312042588639
-0.12029498990020976
0.22992181124545624
0.495360662751168
0.6505965321782539
0.3825399954749984
0.963172148656675
-0.15856768404132687
-0.15244111542832328
0.3247864416470474
0.6456531289070643
0.5388119099409251
0.9436751627238326
0.05430196641974438
0.9102068137081837
0.1725453874310471
0.008137121614082095
0.0027822398359677696
0.3375507560356322
0.7897863756651048
0.4269760852283635
0.41684343625411674
0.13515603969863227
0.21555851683680408
-0.23953148567208196
-0.30249281430456254
0.2054260978257198
0.1962907679233451
0.3062914770573061
1.0333251315944836
0.038649426300674035
-0.13375475280685536
-0.2531952694492701
-0.4214892935543868
-0.04215614869926007
-0.19280212439473143
0.242802664678538
0.743071030364014
-0.06505659608219716
-0.4805889332354187
0.0264537493526538
-0.49902298528115885
-0.286944204560612
-0.3832510762171487
0.1451108403449996
0.7238869045779148
0.3243236500127477
0.05026358612188658
0.0605896808531177
-0.7501741568120256
-0.20298997526073173
-0.686313737976849
0.3619993031527395
0.6421152521912057
0.5042965062081408
-0.3668248078244232
-0.21243249807521164
0.15951955039366766
-1.3619808272787308
-0.4043202811278338
-0.8007262940158044
0.04926265048850051
-0.35514548357177833
0.46755711297027225
-0.44815991408280004
-0.9008843355146459
-0.7895556998083071
-0.8951072515376387
-0.11435178189047393
0.42432542693442055
-0.2232082165973435
-0.04897357501131047
-0.625481664867042
-1.6115210134611109
-1.6684035556993264
-2.6600866449777203
-1.9232806268830083
-1.3569914369921754
-0.4528861842811814
-0.28066272516878765
-1.0855074257631352
-0.18247171687154742
-0.9313087387754236
-0.7933095791749245
-1.0012589059179269
-0.8951013464629619
-0.5119812548776986
-0.7611075444927387
-0.3526490537294241
-0.8081009776290132
0.003663565896880574
-0.14967045190461314
-1.3694134221756646
-0.4559917559796473
0.45985851478405676
-0.6591758507896688
-0.7280794321804828
-0.20567082124229014
-0.7262158624115591
-0.42322195755346975
-0.058213683191800855
-0.32116725154876336
-0.23735455292269636
-0.2259788098207819
-0.5643636598460828
-0.16005569334862324
-0.31806393151409584
-1.3697224410606945
-0.7969607805635363
-0.6593174372314882
0.049248878208903765
-0.44236571830617344
-0.650629357107449
-0.4450878543728413
-0.7020685587703573
0.30492917565753014
-0.5630377726160757
-1.7110412021949373
-0.6447938420337183
-0.28592542914657904
0.16604813180249942
-0.3681592814613692
0.12336192580227445
-0.4708109778931025
-0.36565612257768
-2.1358067026746506
0.12412034774030845
-0.3446491139818121
0.11880063515355413
0.12024472092235677
-0.3583209397227298
0.260310920242518
-0.5105336596242129
-0.17348651798721962
-0.45355195391770914
-0.10695672813031534
-0.01791152337873981
0.5878347781292523
-0.029974871955217357
-0.22366652356953828
0.10000716504343032
1.1610569697338782
-0.6130293938961568
0.3168759833771689
0.3641859839645659
-0.010480453883392157
0.4222618493279001
-0.05399310404790458
0.20147141665782886
1.4023307847065742
0.16485996485719207
0.2611117474247835
0.5329477759010244
0.1857096012120354
-0.1394247939237894
0.024070074372558023
0.7547923927127016
1.5408765874268524
-0.4218089422542589
0.5896689504154298
0.48368566872271007
0.716033824319232
0.2346557093046325
0.6421448227324421
1.0541316420420954
1.1874531026858202
-0.07412469099240425
0.659274883733931
0.5639815674172457
0.9273022956994966
0.27562132025063346
0.7994838750111173
0.6552335202680646
0.866918772081545
0.6479310609365906
0.7013915751766017
1.0915944870205017
0.4922949145228679
0.9811543747007123
0.7270847859293381
0.7599021489019002
0.6873835725071695
0.8493403826292187
0.44508827330079126
0.9382067401760065
0.8640725978552857
1.2473646694780192
0.5425761333831602
0.718594809616095
0.35827858072929053
1.2050696500101583
1.9571359474979637
1.1810102397443045
1.3820519179888155
1.381634484881747
0.6612157756776772
0.43261350027410683
-0.26601615450990473
-1.046697253927371
-0.4881103098169738
-0.42977436038702466
0.16560414307132315
0.7316120781299494
0.2522127082938923
1.0825863266714397
-0.5502890066472853
-1.2331538758201428
0.49170289778505366
0.27373001673596215
-0.23887770378243053
0.23873985121550678
0.3760070370861376
0.12831654245665447
-0.1668742266084654
-0.351031822585794
-0.6175741885782043
0.21632710032590421
0.5996477717496957
0.12301492594145091
0.47826361896472513
0.008479286539422839
-0.09194935904185617
-0.9545972098109081
-0.436187469670136
0.41233740183730266
0.2786362661911044
0.6676488447686542
-0.09386095174281907
-0.14811250154320613
0.05804732966191389
-0.44022592005939687
-0.41154086622000696
0.06482928731444011
0.6928181831295872
0.2784125912551876
0.2692327385128267
-0.3043210971170658
0.35286074108303
-0.9589597162664525
-0.17405649719572389
0.007719967738869762
0.3136408826225736
0.16023614213658213
-0.06456179514977341
-0.21022720824778693
0.474997827867628
-0.08345948034657677
-0.8803018673959887
-0.32364491353353037
-0.42837956571950736
-0.7889449265959088
-0.37495449837722333
-0.26996206261838274
-0.4348413051245201
1.473115264440086
-0.0949335947945584
-1.3291882710833858
-1.867924339498639
-0.46538521193924853
-0.31078139296633733
-0.08811142000585571
-2.6846540055267263
2.3859617086096674
0.5629966222005546
-2.4909985667734222
-2.401003778975329
-2.6391367196897093
-1.9084576018371118
-0.9603193446635825
0.09150827041720029
3.5634823400990383
1.3892130570085217
0.4144409643135604
-1.1090583342697735
-1.1525567081706953
-0.8237550319177794
-0.06409129569759207
-0.4806617827814165
0.9544361508616269
-0.03853445208062824
0.25291508524385775
0.560462303925358
0.3120563566624654
-0.4977687733993071
0.012911378191023056
0.3119336800844192
-0.11391160829301158
-0.23656196794712855
0.18571054568288847
0.4612776260881978
0.3471846733505526
0.047054871310196617
-0.45771018043342715
-0.32211701898755873
-0.5165951036730949
-0.16912374488647633
0.2624338278967872
0.4373905056439284
0.18324108274654252
0.5986956429280792
-0.2850075758563571
-0.38962251099122797
-0.5182668563862887
-0.01323563006022381
0.013784267514314236
0.8102378159284817
0.35183674327274816
0.3833414719253931
-0.200739346631276
-0.04094309343568123
-0.2627939293833942
0.21402777703106987
0.18380499409075982
0.29364077611523903
0.5912993809010135
0.6559445272017551
0.33292277738669174
-0.9353426643700958
-0.6912432688131326
-0.5770018781956154
0.25919357726190584
0.13662299971764422
0.9656876141283689
1.4524009571610557
1.4421830882118751
-1.0373011641852885
-1.5479681017362785
-0.8100352477026144
-1.6372429780566897
-1.3290053563861275
-0.8709592479966147
-0.9325329330478479
-0.7042717307486499
-0.8991809295540559
-0.8459259361235367
-0.8740821344926497
-0.13913066686883785
-0.5098504958600699
-0.8605249531221684
-0.3089671877579769
-0.9896565163057339
-0.4332874718281554
0.29421651219846645
-0.6972751569996265
0.2520335460630328
0.03450550320557598
-0.2904383479331929
-0.7183387080943446
-0.7449120685489949
-0.8566053666438074
-0.9443005449919187
-0.4392699808523869
-0.7545906357722831
-0.20316730227130483
-0.015802107965561914
-0.4206297385336535
-0.3758684268087355
-0.5788842416888995
-0.4172386684383476
-0.8074738740003461
-0.8227636108874531
-0.5280998826008996
-0.3956786392225738
-0.06684568694107478
-0.40423096779329265
-0.31461512286356874
-1.3212439932847868
0.08674629145243086
-0.37987410262019594
-0.10591918279417789
-0.31489649718911417
0.2672422330148099
0.17605017433063458
0.09098602953741741
-1.1565353325187506
-0.7977058122933722
-0.3615954720535084
-0.1444573930563941
0.23978660717491576
-0.12430625856724813
0.6505628870504022
0.14852114995565496
-1.3158068821802396
-0.35737623862589524
-0.7330008653297512
0.19075314774124547
0.19410888751002167
0.31955702292786486
0.11967279087887076
0.5569819518249746
-0.238341465204726
-0.26333527313723604
0.24981208709850833
0.15088062082388726
0.26336772151904037
0.6005815749086454
-0.24796379787302839
0.467302289568239
0.057964345641808884
0.03184855784556407
0.11334705771804847
0.0850178488779026
0.36748478598355355
0.23668283692534578
0.547335478680017
0.431661535365123
0.29115741437681203
0.2743298182854259
-0.05942403324422151
-0.06267031394452655
0.7786923317644016
0.40054336088330034
0.7447501604808207
0.423795632500695
0.6367017812028987
0.5624473735357564
0.3677388465703484
0.40710723827209877
0.7207654309637488
0.9856745528744252
0.41982247664895567
0.007653191132026935
0.49668216877722166
0.8846588663374547
0.45049521535253895
0.5836026424584717
0.3721221650628374
0.464876320828918
0.5782169044507305
0.8833580031357297
0.9686196624984178
0.6534045240272388
0.7884568253014089
0.2912895077933134
0.6515865756561177
1.030552915927729
0.4963903774468676
0.5729322907763655
0.5033118980623914
0.7516338901259885
0.6405552500690925
0.9129353956584004
0.7521360034285207
0.5383549395232727
1.0574369669769434
0.8586948479664478
0.9791969766846216
0.8171077298225033
1.2164099837471085
1.2787012253352388
1.034435246320391
0.10959942293638722
0.6453606605540255
1.9075766458977712
-0.4255348495496629
-0.4502214545354803
0.14679373645785818
0.3464791082009573
0.20274225976881172
0.43932191136952414
0.7928256631397342
0.6019258326737712
-0.4225624318264576
0.0023029041099973738
-0.17097167168598804
0.5561963211038842
0.27135891133492435
0.24026491902851832
0.03875329555034249
0.1761483542276886
0.147801297550275
0.2702148346610491
-0.06719752723639767
0.38435130410856955
0.40261537757857574
0.04278744572311896
0.4596248493871185
0.047925229777691175
-0.3809120269098535
0.3229156689463131
0.46390840207189404
0.29768066081195366
0.42467610473549494
0.254292177820208
-0.10724782382380363
0.3314834493973483
-0.16520617983846053
0.39816728384176225
0.25498176072947176
0.5618827516477678
0.37608891206664247
0.2727290818733849
0.18428931278872085
0.6267667435698825
0.47047033207516287
0.510397786252108
0.37755347252612315
0.19747460872215192
0.16950736646735362
0.23603650809772908
0.29299392921848993
0.48833485812415206
0.4627445600164925
0.6288362455543018
0.42829980450316624
0.25965842093626246
0.11229408340561411
0.18285477284468465
0.08668988807593134
0.7399135155212659
1.0102118874708037
0.6552081003820354
0.3362077938820072
-0.20058715022026424
0.17566362604316424
0.18248156089371717
0.5414316094270101
-0.6277425486297944
1.3146934764552918
0.8740893793982227
0.36226784890349417
-0.05801052670857778
-0.029872680203477185
-0.09059369118528407
-0.46171900061890236
-0.97264510600899
0.8451413510528859
0.6240791272917712
0.2630855201439662
-0.40286996073857606
-0.6837438526227073
-0.7937709484961061
-0.7737999072857166
-0.1690151499642799
0.28050193629092396
0.2165286175704637
0.2780126450858436
-0.05123037031589858
-0.07427485623428225
-0.34272578517436436
-0.16522464629077765
-0.05985084661930163
-0.37532402086697236
-0.2726283813781953
0.011675773604190597
0.27453106271239963
-0.0013138484051689794
-0.22631017296922906
-0.13098486410780644
-0.2510555410097309
-0.3260267973988253
-0.19231779638455576
-0.09562337172213513
0.15419055192834494
0.11447812173025716
0.05945006921317095
-0.2568867675247446
-0.008192126903402461
-0.7179484457366413
-0.16582360596763604
-0.23358520570524954
0.1591635876611082
0.5326735188454444
-0.07293337481528869
0.09518149271895278
0.04443975630193009
-0.39936555682783564
0.030280457427991347
0.0024358966028823056
0.11740292017358063
-0.2845974866853042
0.6400697654236043
0.3072984074825659
-0.3966644699054342
-0.5502002750394748
-0.5899394426189398
-0.33797560214868794
0.12730767238514895
0.5407436143029993
0.20344603971873018
0.11351465730158276
1.1527498689642124
-0.6567721109135333
1.2400190237162958
0.9273111744292963
1.046439613736632
1.9174834554196327
1.9085707287366949
1.8019067794674624
1.8112156421017704
0.35199802610141423
0.0441040976652909
0.7653829271490313
0.6161522430886281
1.0627257356095994
1.3391349211785768
1.4257499716456328
1.6382352821058948
0.3208269389629107
0.19588795522796396
0.34597183081376776
0.5921987725649994
0.688797652054011
0.6741948996255813
1.517161104506898
0.6175393046004055
0.15956014947996847
-0.08467422008669402
0.2506592591620874
0.7659197143418012
0.28292116316849936
0.7599024143385195
0.7620673228876396
0.7014351601026015
-0.5195224434750385
-0.17761041678736925
0.11263028803840326
0.35770369031263327
0.05407995224856904
-0.40573190144860577
0.6296331458318957
0.7376858838764302
0.38993991905859626
0.3578720042579209
-0.061061415318371344
-0.36981330995781636
-0.601854749072713
-1.884510413995414
-1.0881897164674137
0.23420484461429666
-0.049566412369396254
0.1588158511915845
0.1396760166894795
-0.21691181850582503
-0.24472410766752747
-0.7874273029563242
-1.2546054251255139
-0.6507345130209345
0.00395389577373388
0.5952948990179503
0.5798911377111514
0.5395177585343898
0.39648609064213197
0.4640694843935693
-0.9274085905430592
-0.567861164711227
1.042035544905485
0.9107787399517426
0.48054275586526995
0.2929404329373077
0.3287233193744615
0.19086490332674977
0.055059262044937815
-1.2498550195110727
0.3768229341697936
0.8256237835696026
0.1381082830803262
0.5587478432526957
0.29913899351927853
0.2077154710926774
-0.8308219364417008
-1.7720799006700436
-0.3626822266257464
0.35060429751323985
0.7670667559102057
0.07034229000797415
0.4962614373924079
0.46103083855189153
-0.5243628234329843
-1.9647169527456974
0.13604215614758092
-0.12592185947650542
0.08635790464215666
0.5073707588643354
-0.09222897507139578
-0.2729284306724761
-0.3650178588517988
-1.2631931895179587
-1.2940211224127895
-0.6904081228984503
-0.7068944834239095
-0.2515431961138834
0.25823590377163796
-0.3403776357602295
-1.3706780176110311
-0.9143626897704167
-0.7393354653325173
-1.3273018923867776
-0.8341462109562641
-0.03085936070433958
-0.19264530484451675
-1.0770406250040787
-0.7339420698768123
-1.0986178876966586
-1.3608866941274207
-0.6585663328199693
-1.4311337950076528
-0.47701801473791106
-0.9798772625969439
-0.11002211661181008
-0.4929695282786251
-1.163541734033574
-2.3083785542815947
-2.0784850684338254
-1.004894239462134
-1.4275471499451284
-0.7749579944095101
-1.4114344295992973
-0.9425163651008689
-1.0965215569695945
-0.3896255484111505
-0.255890285779506
0.2636332945572498
0.43764089329942707
0.6351627448277074
0.6152086614897638
0.5190545207553543
0.2108668376846105
0.5630313465846896
0.8794672907430013
0.7055822146587042
0.31925817977674964
0.31941557101124896
-0.0695699761332557
0.4112156487763459
0.7939085885437915
0.000536315777079163
0.24323885215049443
0.6307414703109434
0.7683522175842444
0.3932492223435527
0.3460027115679777
0.30719303944249476
0.10237768260264751
0.8410759772211706
0.5780219320485792
0.6287828232326592
0.8722868199160556
0.4313037105405764
0.29407416410927856
0.11912028014260391
0.18209526607542129
0.2205413235686438
0.5594165076480323
0.660191825625648
0.5350811557963974
0.7016320549578651
0.7200925754179087
0.0710434148593788
0.26565655101855445
-0.03687835582711061
0.38953053169743546
0.41870979493942706
0.3800215623261551
0.4580186928106473
0.7254336041999373
0.8126126473844564
0.30244580824756256
-0.09278371051771336
0.32008100211628887
-0.11356472895467254
-0.2475794552862987
0.26479737354329613
0.5271976211515789
0.5829750619419222
0.4696198636179739
-1.264774410783742
-0.3004720486085699
-0.38102867645045985
0.24278663114583945
-0.2779828151528384
-0.0465765509495228
0.3977796743047921
0.21888338548994213
-1.3776518117847627
-1.1006915710075729
0.5517753839954529
-0.8351501123389585
-0.044485874234400584
0.44737075240712026
0.35727622190419794
0.6079340497403364
-0.9092307054632258
-1.1938081824360784
-0.6623482212924806
0.4264311389026657
0.04626505599626893
0.6182797862182103
0.6949196788474608
0.7343698602756981
0.43279888426195645
-0.45026797822254394
-0.5242140331235344
-0.8813975946565313
0.06802403051082098
-0.10876864087455787
0.409157399499955
0.7048082758464558
0.1433588295154098
0.06005422192313823
-0.4630213860306683
-0.14544675502104307
-0.41540682702584547
0.0557591778493394
0.18185221875446
0.3407662750431306
0.16468396770707197
0.06672023017378674
-0.03494554564650127
0.06565516577074682
-0.07464697571120985
-0.35069497555207907
-0.2412444101474268
0.4601418664056487
0.11217028719812253
-0.07551281209302045
-0.021458185484172058
0.17301935165220272
-0.03455067985352931
-0.07118511895705257
0.004200880545527898
0.13796000067461572
-0.048272071709980435
0.19720227133459586
-0.07844449924949777
0.24359551641084465
0.27456327268153635
-0.6085944977236913
-0.19057034838986292
-0.2193267008092707
0.2940365091211045
-0.08737058030965837
0.3640043730614194
0.8276896998265916
0.48319586206170406
-0.48463197357329957
0.016436089801541463
0.0106479661565069
-0.23539451786381282
-0.11439533091766932
-0.31921252797099753
0.36132952713200117
-0.1634676920467878
-1.6112160642676998
-0.9965493524280165
0.08372908455480449
-0.3610503949407142
-0.24489866001283506
-0.17236453463832355
-0.47308879723332126
-0.6299911197652128
0.12442482702710622
-1.192302605353844
-0.9123474386431742
-0.13178194687682887
0.28803199532493334
-0.6215921783096823
0.07336700697581303
-0.7755851555822365
-0.38030682328026455
-0.19979886352259732
0.08285043745921228
0.5292761400762549
-0.9130101681575634
-0.48197626778602976
-0.29507121603871833
-0.2758542674057651
0.07304888565261455
-0.6005679523486459
0.27242904411511176
0.3907733699057648
-0.1325086882976474
-0.41744496222351923
-0.8379908563313883
-0.6744241982752921
-1.2059030229825574
-1.169833939351676
-0.46277023484219976
-0.400846117541991
0.016119172794619722
-0.2574629993722676
-0.9002555502893537
-0.6796832132470985
-0.4604630028790708
-0.848716209284093
-1.0502870813533693
-0.4107421179102698
-0.11624955854699863
-0.09432385127287823
0.022920361307653587
-0.7110237724589873
-0.7434620175996174
0.004209143404649465
-0.5901698169519288
0.535122444205877
0.09339517434710216
0.17759067710140006
0.054475189884120076
0.113355022037741
-0.18953036048190725
0.2235802989638313
-0.08673014393714065
0.05466378537647626
0.08283673461785146
0.24232744499665446
0.3024574783487739
-0.019564117820843104
-0.20661597484305966
0.6759650185991831
0.1643603209337706
0.03216033231266187
0.09104601632154352
0.7144268397923863
0.060399662085412045
0.11038365496030131
-0.09656003398944231
0.13597887407969386
0.5744918106061011
-0.6067462626349152
0.6563599833334521
0.729781996988425
0.2660370926066378
0.27884326578953655
0.16446339155290182
0.7376993985426841
0.6712517273067177
-0.06027462302075251
0.9690671063654456
0.6161104886812175
0.688148953511788
0.17703118069347332
0.31435111704901175
0.4366404594469189
0.8867314394252978
0.3121261963431169
0.533143992008207
0.7703268058436216
0.24695998945072845
0.14126547901536896
-0.2584103619933102
0.6908693419275168
0.9673048169021023
0.8747425559820029
0.714211478416433
0.608632105803674
0.9164432864691202
-1.25953089452095
-0.0141296848485475
0.8681962089236283
1.1508337851857349
1.0043180903493654
0.37444281771564136
0.8632258836320424
0.4075928284876077
-2.906271778734877
0.8833060688305987
1.1785413597900056
0.9945779579371246
0.6413091236624979
1.6497510080620206
0.9279445984204677
-2.2997724212719435
-3.708233572791053
2.150882155503134
1.315965908862928
1.6098891528246186
1.7973209217401795
2.555466520611228
2.10164013772547
0.801372739836328
1.1221826951345342
1.2078413005333106
0.9442784963416351
1.0660323981746824
0.6437958896333538
-0.5730546483747434
0.6487574227709768
0.7689152579358522
0.42639745382319577
0.3193789932930875
0.5399915553738922
-0.43466525212550555
-0.5195154572734737
0.1510639672674154
-0.14670135534668954
-0.6785374998847938
0.3681646777580656
-0.20340927592273136
-0.25143982699842127
-0.026050813986492435
-1.0049574858361006
-1.3716202630688705
-2.4213330217130373
-1.8831949574942741
-1.6022455273955716
-1.671526913701714
-1.4444740199761121
-1.1068288535828426
-1.2419070595762245
-2.3501052926353276
-1.8432019827538197
-0.4845633813288016
-1.1441390701693392
-0.869561837919018
-0.4228040198368818
0.7053251801825184
-3.572105996530796
-3.1729189928707697
-0.03640768639414592
0.2776047520186613
0.33869525040229875
-0.6000201830254858
-0.802343988287817
-1.1992974758404717
0.19035387601171735
0.3350893715885294
0.008702780550714537
-0.17318680615826
-0.24001445434073213
0.09999311960756631
-1.4858263020677507
-2.1263860437632256
0.5607756897485795
0.5805737091916344
-0.4205702267891924
0.14030681148405627
0.4849038654877774
-0.21666356072128617
-0.9735818169316477
-1.74761357757221
-0.03695904326343639
-0.7378856964191642
0.26352950868703295
0.5187057865435957
0.3124357694284878
-0.27950582214150044
-0.20525830896902647
-0.3052583470975235
-0.22626798562055825
-0.24421598909339315
0.20605489408327488
0.05421400127964175
0.26738994216322065
0.3228347731906828
0.3923269735183068
-0.5828424075453449
-0.12208365012427375
0.24052927340371452
0.4488397382255847
0.5618673096521637
0.5845449245478255
-0.027301645622130034
-0.9136112941692728
-0.24821992612894261
0.029583659524009973
0.6573256806894885
0.24350201138570193
0.6895932999147284
0.7301916791598496
0.5279733525055224
-0.47124836378715496
-0.05398241415457834
0.8480152031055933
0.7074453746769785
1.066257470047739
1.4422055045446713
0.9410857324718715
0.3556835940514773
1.535045141309704
-0.29692150545389856
-0.0025831705041645253
0.3919448639996388
0.8214928029996693
1.0046740553924125
1.1555322185665418
0.8078477768933193
-0.07851949760427795
0.7456001284172203
0.0516093057581192
0.16978579691571205
0.2644840790923358
0.9302558957605959
1.055403718851804
1.019463216483663
0.1228652814257166
1.0120656033706918
0.9375051617384685
0.14822858207618173
0.6221424825897007
0.2607207401827768
1.1536474919990536
0.2344406428306603
0.6656661241367036
0.6163296019542668
-0.06697351061044696
-0.2892991796423757
-0.5540957528163354
-0.2991645937940775
-0.6733167493035406
-0.25099682428972414
-0.39313118818430104
0.2055756910049779
-0.5601951468720046
-0.6549711227154942
-0.6878700066398729
-1.260510395142026
-1.0794155641993113
-1.1065578454298206
-1.1677040821212556
-0.3970688520637403
-1.3415853453708335
-1.4636835354148803
-1.0893882604207326
-1.486937727039916
-1.109169973864282
-1.7336935757304526
-1.3843861937083999
-0.530419643621027
-0.8810109564553934
-0.9225654987722031
-0.8067988216105239
-0.28013871348163016
-1.0512728123736363
-0.2653642150708703
0.2056921440817792
-0.621021288845275
-0.6140233783942074
-0.47030170674339533
-0.7980310188446902
0.06405112807669913
0.33889543384802695
0.568588577147647
-0.4622186788870122
-1.3007221318361708
-0.5939953245441851
-0.7328459989642965
-0.13078779576415517
0.11248424366839871
0.4253443545463103
-0.26749032771323666
-0.3055470408650268
-0.2290223807209252
-0.9629238359922823
-1.0481639684276853
-0.5499299704924547
0.661290608175097
0.23163219837003374
0.27479586940855044
-0.05634834714556087
0.01724525679196027
-1.2142900431221555
-1.1476293312333472
-1.0005749890195303
0.0028380978423869566
0.11984587132315466
-0.08535381194572739
0.1466644043530095
-0.0944357769243135
-1.0674818251280098
-1.3670433298658105
-1.4306949969656548
0.026932225300314916
0.38444950733518063
0.17965356545000852
0.5317143333148413
0.029141976525733984
-1.4301718808872719
-1.037314993705857
-1.224135266000126
-0.08638664249815578
-0.06968911481859658
-0.08701873008638222
0.7032579659159672
0.7120241506870846
0.16950303925318919
-0.16201854163252183
-0.5757023777976457
-0.8093697183898783
-0.06631651304342248
0.13151351021817756
0.036760450697155084
0.6590260680348926
0.9943870024323309
-0.02934660365891232
-0.568012298959892
-0.7152608267012537
-0.36375318227822906
0.8003583764317398
0.7012326722833486
1.1976591157801426
0.23674157580038754
0.33235450519660276
0.6627447934123638
-0.6815844520529587
0.010961175051145272
0.917960592761956
0.8963807572709414
0.7450582422015044
0.4114114639129072
0.3033246332506435
0.5294252170566217
0.08135942144065428
-0.43213578558205523
-0.20203883785906937
0.3687634415229205
0.7844353559314494
0.057345874388988985
0.5462804567278343
0.9550153141338101
1.8507263620554375
2.124918746054026
0.6283535539050951
1.0438297430791694
0.8172371534548885
0.06868590288670816
0.013205907185201576
1.6496531003430563
2.1162609192201005
2.152114492507424
1.0855990049247088
0.7076795611360609
-0.1833876050678799
-0.005100611353252727
0.028679261759568038
0.10923446442835016
-0.014078953442324876
-0.8041351025287359
-1.757101112671958
-2.151456611905137
-2.5070788700491526
-0.8626842729476838
-0.37193782046002016
-0.22249066047519417
-0.24674838719673797
-0.18711274195578073
-1.220544076912154
-0.8208312442796147
-0.895479327600641
0.44253042385599806
-0.3707323651455654
-0.7184647214981176
-0.33597309140216053
-1.0717034598359347
-0.8112712321024277
0.02668570991489949
-0.7321366500212076
-0.031241726533336806
-0.32017706433056836
-0.27882939318909167
-0.7451956034330526
-0.32503790234428975
0.07391673752340017
-0.5850646993354961
-1.0285010625685793
0.63629683353505
-0.019918738311854006
-1.0843935008287826
-0.39141783981426476
0.04566756319407568
-0.19033389367162723
-0.5231678108125143
-1.5132299717856448
-0.15628987835023886
-0.06833665830252254
-0.032393857711452964
-0.37692812745793314
-0.5209994491348529
-0.15372254748325662
0.05171980378663624
0.37031266097909843
0.06634630064248306
0.06239351128659118
0.44705949761360986
0.22345161570081593
0.10917535464652142
0.11234613398728249
0.1251282276645994
-0.3094510394920772
0.20955957310476903
0.3082509780456451
0.318821652797617
0.06802496253994071
-0.42687086793727524
-0.09271059174159356
0.13666671640777447
0.05914830120851655
-0.04668948437121893
0.6124766510312545
0.8779074287236545
0.10786729838075038
0.12539725206291522
-0.00903435773413197
-0.0683611565927203
-0.9447138110449984
0.1564754794122826
0.7942418116260089
0.6706742209753126
0.37874753268733286
0.05723327076437654
-0.19823018897443445
0.00436622685102641
-1.1450538331890467
0.4093751801935149
0.5118033452684472
0.7089103408715318
0.32333240915202793
0.4400619183923899
0.29638308702688104
-0.36281469696468466
-0.5377820767529878
-0.6371455750298062
0.8725957573141054
0.6599185191856012
0.7623619139960547
0.6522099467032312
0.04376075738585102
-0.07275426344295913
-0.44442529341333764
0.9505659844854897
0.34796063128729154
0.6495379658707325
0.5273145455370283
0.11889479394132299
0.16489249874920187
0.19961683461667643
0.33759978709325206
0.33968143635245485
0.958339040096871
0.42161145648679454
0.2110266368094458
0.9815553447482894
0.2650667541149579
-0.032676836868669235
0.6445582360416546
1.8676418566315456
-0.02265653545866296
0.6239389009448428
0.7238203823330834
-0.011410169392239662
0.02463234081353705
0.7047887897008296
0.8516682137387486
0.9965244406937607
2.081557269963232
0.33832346669911084
-0.5371222513098901
-1.1598425309251204
0.5446865599306916
0.27529791710742235
0.8868572993748709
2.486293835608828
0.9004348076889414
1.016974122161849
0.12562197667169162
0.07707206020562363
0.44461362955830835
-0.46839341786631505
0.11245236959376571
-0.17128315027745927
-0.32280185407650686
-0.029064507264568155
0.5316017232585258
0.4966004684947659
0.12686939022399543
0.3391649643770761
-0.05684148493645204
-0.24950158518054885
-0.3618595572671828
0.1595893883070096
0.3008593515942121
0.5742819390883163
0.026282014647101226
-0.05015913428674851
0.04117915865471677
-0.43057285844477894
-0.3238935240442914
-0.059191775404742096
0.48498141641964265
0.17440620103113277
-0.26552166241261305
-0.5066882485589608
-0.38088640363225984
0.049490620637384686
-0.03990258553949465
0.094739684728256
0.1461362981571136
-0.2123632959987247
-0.14633391979680482
0.45563653626359046
-1.4363325315650375
0.6243486832298782
-0.08702187036340654
-0.04720369581224114
0.6650657265139371
0.6903591478965023
-0.4230990151947244
-0.41934960741274907
-2.149206621668281
-1.0403199026458967
-0.4061287213740653
0.3581382088689177
0.19743761053178635
0.3477089760748066
0.06234054415071806
-1.212270038504844
-1.8831815151970481
-0.351151962591431
0.28001451910980624
-0.26725971947546234
0.18678475008737255
0.7211394671154304
-0.7844635379804189
-1.5182139237229024
-1.0487848689228862
0.1315078073869804
-0.07976780907983731
-0.2538002311026125
0.7519997265634932
0.0944623312880184
-0.6970715482248008
-1.2690044228552542
-0.9286664131389873
0.08856039529090468
-0.5078732191214509
0.05281387632505401
-0.046879668633752376
0.2940909183310636
-0.23906147321065024
-1.571245855921991
0.7816319886148926
-0.10231493286753074
-0.7206565907483792
-0.23864045438002
0.3320940195781768
0.08553456369307852
-0.5035299121559607
-0.6107320064635313
0.27357571158580624
0.6445546457004405
0.3444708560674975
0.2594403759899837
0.46790472392390814
0.39336906434325963
-0.05045093274718497
-0.7167855309427157
0.40607512224221126
0.2571199489873366
0.47779771529046516
0.6133354677525659
1.0283925863722987
0.5610256249669521
0.2672448180121784
0.34796285323468956
-0.9019309842887148
0.6073869916709277
0.1459488381726822
-0.1251727563532711
0.7273959271222316
0.7497675981403399
0.1375117595430301
-0.09640346399698131
-0.38340800494642263
0.6963629713059146
-0.12268657598900581
0.9471018244392607
0.41799659930345895
0.6739358891041094
0.6002013513408455
0.23655191247338553
-0.09535228678254692
0.21383886022351814
1.0514702017171496
0.3138761406264919
0.45237456058502945
0.8789539552847747
0.8840909444173257
0.9159631489675463
-0.11406951315418538
-0.3731536098494368
-0.48079609594981043
-0.18909517166505316
-0.2916998214986144
-0.7326548567073268
-0.5835454655217872
-0.574049766497407
-0.48828169152763023
-0.23691891322601463
-0.5605869916470533
-0.11306278952579872
-0.08242063990981831
-0.5504943520350627
-0.8914682528834564
-0.865684785844316
-0.6525809923486527
-0.20561465867141593
0.7743351523335421
0.3290824883774751
-0.4447997312381159
-0.07378502383102942
-0.5308698844171694
-0.3311259960183802
0.616162858392204
0.1881532058114047
0.13250100802006587
0.14719324288575963
-0.04780823029557749
-0.02087223258409069
-0.2865811386940352
0.536335713041458
0.35640094951560697
0.27669592169530527
0.4378717605453161
0.5479597162812683
-0.30468812184852645
0.032712600059969565
0.22129520496895566
0.20452431551232095
0.26280237482478974
0.5203088832039888
0.6245586404937954
0.3411500605455293
-0.05159312150983062
0.3365060667049103
0.11485306980270278
0.9123172287125778
0.14690630708724695
0.7256501498727708
0.4421240617004814
0.5787068589787225
0.26579343157554336
0.26056875203254753
0.7822626560986436
0.6384483651670039
0.7462540364433055
0.11779480488596704
0.23305592529706112
0.8455541278817722
0.3438859020610323
0.7369767999371859
0.534628309763243
1.029268474899545
1.1006130043316558
0.18897248111976342
0.4801471591290189
-0.11863668115190622
0.6963042236161279
0.795227002277245
0.12443437991995938
0.6516291448125759
0.1926820948581316
0.6213134767127981
-0.30104018049047665
-1.0118666660831441
-0.1649537474268319
0.2492769319684099
-0.5193077258975218
-1.0368539353709567
0.42307509791241044
0.25951354138813604
-0.5102751405971605
-1.3272488143320704
-0.16882746572059731
-0.2704627752727066
-1.495627092606054
-0.3725636876925631
0.09719976790432173
0.6577263882092419
-0.9614227176149872
-1.755976430664409
-0.3927483127677239
-0.8219490428152707
-1.0464335674961491
-0.6392648165004081
0.3387354217591818
-0.2539285382111054
-0.5143138007261717
-2.0068260043958293
-1.527872938573617
-0.9430512020193959
-0.2700745776503034
-0.5114918859343048
-0.17656122395287593
0.3236832148721193
-0.7073975503662453
-1.6576003709617029
-1.2028208838071244
-0.7523379430546727
-0.21970759007576315
-0.42891682537715037
0.5415819704892975
-0.06022289479407182
-0.8415931649778577
-0.8342662478385752
-0.9704902781996876
-0.31021830417735774
-0.6997081565099238
-0.15284370855128238
-0.7998757241216891
0.15037156824228087
-0.3731485681602831
-0.5013453696166547
-0.619403129024388
-0.7476220449124775
-0.2922367867560718
-0.39214639851840394
-0.542002324103642
0.596792221543643
-0.504412534114327
-0.3495622347681891
0.5488121308965935
-0.09732698342070309
0.4140416383790618
-1.0593397419236303
-0.7304742390648801
-0.5435805147151718
0.8282197592634751
-0.1679724205882459
0.002024636108997682
0.11244668541302288
-0.017462922817570465
-0.13998502733419227
0.40022253820816295
0.7312351803953852
-0.3490160891955072
0.40948803876444817
-0.05075957741289366
0.4923332629961424
-0.23011293302527974
-0.38686629181221305
-0.3108382192270591
-0.32772917718739836
0.4939768881412578
-0.004176354844600265
0.3346595681772989
0.13359790351805115
0.0792693836047591
-0.4323606079830711
0.8113652878424005
0.25475277518054185
0.22931093786075316
0.05157316084237952
0.22345663333758614
0.2584303254255623
0.1382505677818286
0.00816236148635715
0.3254732529471124
0.6186961600213812
0.2825148045558878
0.01372080541363957
0.16364358011929347
0.07398753767788856
0.4005979880426994
0.17132754522505364
0.518366874928228
0.8111244079302578
0.2458156868390847
0.2925090655338305
-0.22881281989161095
-0.009490904490217505
0.19659211639844093
0.3554548181066795
0.7761393270599888
0.474773413559893
0.7915219394455507
0.24349914486489707
-0.1103325894531452
-0.9697352343637259
-0.02274298170062401
0.8401052717989881
1.1543172067390992
0.6343113189007052
1.0195307800584978
0.4011471042019566
-0.2774431539952856
-0.6518039373815586
-0.26429216274756706
0.9303855058747774
0.34722302603934274
0.6105804231292917
0.5929988842093865
0.12989485863268588
-0.23120777829057615
-1.5332860581419838
0.33271439300209615
0.3972470976526656
0.9479438194570939
0.346975792308473
0.21297542232052302
-0.07959500348558154
-0.6182471591314948
-1.396030457626931
0.011218749066296083
0.36984855155973195
1.0525948415764548
0.3420433135833959
-0.22688196851731693
-0.20972338488280876
-1.4557063554632508
-1.6394178395765011
0.11022231073805394
0.06781623164062138
0.7832608070716067
0.4217211345966851
-0.48012087479333926
0.06515169933389468
-2.062977341834074
-0.8525034773174369
-0.4350623576919887
0.11665855281337528
0.4200603539310677
0.3962298867236563
-0.2510050333873011
0.10050659990206072
-4.067789686036133
-0.13495010305162414
0.15482557001037903
-0.01775448157953901
0.7372191949140221
0.028183535100563595
0.6962194271553218
-0.6753933451633133
-3.7097193968102715
-2.0693348006429155
0.04313772664485896
0.49922117002935246
-0.10749606024370192
0.27455367629182464
0.39081173742104647
-0.7741091479720291
-2.704334896866966
-2.2922581088092913
-0.8911546755187638
0.3652994413989706
0.24861538065393987
-0.05845455658341377
0.33576403188347304
-0.6741852325184666
0.46334226779234
0.29673753565595845
-0.06336901658671004
0.07717452964664862
-0.38655678538144017
-0.7364546362369898
0.4397009316734628
0.6945473993433074
0.049840571410141886
0.37174176641378326
-0.31084415095566487
0.2945325844844763
-0.5225469480864848
0.11586979750438181
-0.3869690393643816
0.23882634229999586
0.8654497318130309
0.10662830796647335
0.23275065776863207
-0.2908981200869891
-0.18830735493396542
0.1838805918171663
0.5115068113637543
0.13432435296977271
0.6828045113316484
0.4142532249829842
-0.03659415306034383
0.0258466288455399
-0.35244901084876196
-0.07460769475975912
0.36046667624074696
0.5087843850583512
0.38434095549548863
0.42443932948287355
0.3960339527322982
-0.07794156545604114
0.07451193435326112
-0.1323952306651028
0.005439874780840813
0.2267458762152536
0.4633251784783803
0.39691016011734054
0.4334897917091796
0.12617327347264257
0.7986934311414906
-0.1864613060323865
0.0650945771043414
0.0435840264980915
0.05150853312924947
-0.22544201174039277
0.04069142684072363
0.5742722692610264
1.021979211752435
0.6577866494691349
-0.14488440704645458
-0.608950193820026
-0.5763735793225823
-1.2311227859722673
0.1929570110175173
0.5782103857906128
1.1607205175434439
0.8015131446951269
0.14498342405318534
-0.2905381790146868
-1.9000177730515162
-0.8175466227957072
-1.1283803509790047
0.2694168038855143
1.5614705008282472
0.6852659496903409
0.19638938833545894
-0.4028959414743144
-0.6247951200855058
-0.6464621897303499
-0.016655312876224057
-0.027938375142503864
0.5453514865683713
0.18872290455027788
0.2784865376894496
0.1285688380535847
0.24314246804697767
-0.2050609908144797
0.047576035582072365
-0.001615132560096615
0.1375210344224809
0.12128877356504504
-0.09702291332783869
-0.10007203983774324
0.1291571593294643
-0.028321246406659457
0.16859206169345625
0.17014848542205266
-0.30666702211171837
0.23106541990427845
-0.5830812889069563
0.3705045370431934
0.3967324420215451
-0.10081309681712132
0.1754669513998668
-0.19046544856736286
-0.16656279799648924
-0.6558059942777208
0.3420263608110979
-0.004901802751239564
0.395710696883622
0.4406327615786294
0.018700269392809388
0.09182008218653179
-0.4444287779714055
0.2600530763102199
0.18490933157398967
0.5281609624940818
0.10516475741023101
0.21996634882229082
0.38715126467864636
-0.03866045104297893
-0.4177515957458724
0.0439883623480372
0.8880888895932242
0.2363405039173164
0.6993918509416815
0.8109210021158005
-0.15161340201728973
0.41430911284340005
-0.7581386602792575
0.6851194813515407
0.9428426632218685
1.6013854126476055
1.6318706511134486
1.827266621790049
2.122789135826368
1.0588225942832536
0.24203832733025235
0.5764567603172439
0.36558756052859187
0.6917514093715774
0.9052095042246912
1.1654936902705453
0.6991513121134441
1.007237785801574
0.6863188338234857
1.2977684246679406
0.5242441818579628
0.5262927683242197
0.5775194157332731
0.4451982499158664
1.1700528678914257
1.0546536793497172
0.13930016774012827
0.48900725317213023
0.9541090084275704
0.7997421646063816
0.8921791566811584
0.3819313007614906
0.39783489358858726
0.7646998043206595
0.9233679721007892
0.06446584426771067
0.133377823569629
0.6532063380498927
0.3994893295816654
0.15028943275946943
0.7882756490073581
0.7713321206456822
0.7584622397663636
0.3620651561328081
0.43691989009706306
0.36183327598199744
0.14527408608166428
-0.035598766811083066
0.4624092693341765
1.0442720640392897
1.0425457585023208
-0.2804552353591386
0.19200980221269923
0.29689504660864036
0.3510297372989178
-0.29409555827526745
0.2932863636265843
0.2496042343525226
1.159169663559294
-0.11034795668334327
0.49278676761182433
0.7008815081391628
-0.029443436101134417
0.07291239012274155
-0.09562012209549955
0.4997973813605139
0.16409625954733187
0.5231387625284356
0.3775681165491609
0.2986781029169958
0.1068058976244653
-0.07519435937654019
-0.5264136626083883
-0.32402807244696635
-0.02951673374050895
-0.419915056970651
0.6657069880877735
-0.11672835676681444
-0.033884504487581076
-0.20443316553546984
-0.5257790005323131
-1.1781046342913817
-1.4525987426124467
-0.37188229869828676
-0.33801600929668674
-0.06919047169776701
0.20814760211339597
-0.382626256235462
-0.6309430740626939
-1.9075525602939174
-1.7870157868020782
-0.3270175018298974
-0.42953698266683427
0.03289513262233294
-0.716616763915475
-0.921238705031124
-1.0500384194067347
-1.2018476269980614
-1.719073369496475
-0.47758804689713286
-0.3420343823063848
-1.0745029307807197
-0.47142618630711314
-0.11909850401260802
-0.9496448706087823
-0.4372743995642553
-1.6779048633536204
-0.9088197022733101
-0.9472621537026106
-0.6712341324613379
-0.40675697520713905
-0.3987789668879834
-1.6496678892391747
-0.5832072134359788
-0.8894909190387895
-0.3259103129330678
-0.7931554505623645
-0.5371281299931369
-0.7337711003448469
-0.9104166140443801
0.1710479594884749
-1.663972277786439
-0.610847761057251
-0.7732479172003729
-1.3666616623665033
-1.1027974389628978
-1.0177666341645135
-0.8390738575195027
-1.2791498605675962
-2.523722369629064
-0.9907778254731997
0.022136995020168852
0.04763764124456914
1.2423884483774814
0.6883603076957064
0.8591543540041959
1.2541490196348077
0.6180530211974974
0.635735197821611
0.6085288509298759
0.7213047498004659
1.0256988196790744
0.7884213620543475
0.7639061676625555
0.19174588280001822
1.0180450797394958
0.7416256218045977
0.6886235191074097
0.7927020183340922
0.3795937529211065
0.9564785001018649
0.6415723022721509
0.34372315165690637
0.6954685064689209
-0.2375945677517104
0.759567987476501
0.7368446923071983
0.9743441840939383
0.5492028499052239
0.4324116177551515
0.5522854820182278
0.1669615823367264
-0.12334382934179713
0.3136829050673878
0.936536141485988
0.6501546404799998
0.3423636153268297
0.7270185864104122
0.041198087425782876
-0.18571698902255251
-0.7505736342364386
0.7298287351785648
0.6025707485841054
0.0563897082468062
0.8567168799726184
0.12565345741202527
0.23222415749809075
-0.09688480665705729
-0.08685543835630788
0.14933240147114712
0.12802601189845417
-0.07028031231943883
0.08828682214633808
0.36611717872629757
0.0531119427679428
-0.34068346099602204
0.10474975811350454
-0.8565362141312048
-0.1690019959320968
0.2424560907403332
-0.023641471422678636
0.40657396663559714
-0.7162386415416256
0.02032592037047755
0.7080627130123165
-0.7607026475339366
-0.00585613312910143
-0.2877183417911306
-0.12097814700099715
-0.5977843945280982
0.5294487768790584
0.3129272129085482
0.7343396454704051
-0.5972939445513319
-0.7239671503571785
-0.17680687150653307
0.2262092098012014
0.12091313272161767
0.11256869543181847
0.6668782029004215
0.19713505626547803
-0.2878455719004864
-0.8115557912838174
-0.7076460493669564
-0.3671406155398093
-0.14331710671246753
0.08826732113612074
0.25086075072881703
-0.20679671428461963
-0.35646425450852204
-0.058218141780875525
0.014915017001843688
-0.3633348027036933
0.015386826729910038
-0.07098041348768455
0.39459836701486395
-0.31279532718148767
0.16997044090028746
-0.5602980699059521
-0.11812824345741624
0.02350888374873233
0.004478610510189607
-0.37657126100031796
-1.245540410104982
0.752568248754045
-0.5603261881443988
-0.2884415686011773
-0.45100603129025113
-0.03828634987532645
-0.6555822049338723
0.35414354417309707
-0.15089723079656667
-0.21542063855462446
-0.5079994385890229
-0.5834439954333245
-0.58354372615948
-0.16399446942912527
0.5205307439693814
-1.3904356211034818
-0.4594737324151087
0.4189818659766603
-0.6127124074449608
-0.658842129114071
-0.2235633234306794
-0.2969648455586721
-0.47415170273022733
-0.44706868516812953
-0.5539842239717876
-0.7487586700763312
1.0307094496483282
-0.014021677655788658
0.2361593281252069
1.2680421480330408
1.471025677182547
0.8316407177434361
0.9950126767436224
0.860273842624121
0.5699071246773916
-0.1756567610145776
-0.8952886927707479
0.3473656015585953
0.9446912257189702
0.7006813295518746
0.5133042797865799
-0.062123514376648245
1.2662464866903747
1.2786435625118984
-0.18169009782790055
-0.10548039589079206
0.626310348367707
0.4240194124268969
0.5406824811844559
-0.4349790343101531
-0.6767107114352557
0.4271088186249082
1.2172883220980808
0.34663687212085686
0.5185370325127916
0.4196206833798088
-0.04387917244852545
-0.003132173643466192
0.7250331137047444
-0.006665222811719294
0.024404629724954132
0.6664189182517694
0.6561186299693131
0.45927425995779997
0.07895034588615665
0.4139374133879497
0.7384182376421456
0.7815510023649201
0.15591810215659063
-0.10216230098133955
-0.08080668719871294
0.2708942001283894
0.4226215229767759
0.15020016798932054
1.177031632536293
0.6418943684444041
0.3555085911097084
-0.2128305685388461
-0.41559358654442036
-0.6208301458491179
-1.4395503452539684
1.3455731205462207
1.033911010777226
1.2915331265758634
0.3699984945527406
-0.1549420745563776
-0.4873535067997327
-0.6830730427754127
-2.4069047146808256
-1.3591140517845606
1.3660154670072118
1.2015074544055573
0.8684461272776314
0.02311000912025559
0.2182691438085182
-0.8085739987243183
-2.340477507403208
-2.1912765995258363
0.5505160916492703
1.2383690089686459
0.6866521484763686
0.3152231988239099
-0.2828174000651907
-0.18992232729681807
-1.4097694495508413
-2.7717275007224798
0.8745706340446822
0.1407460695415275
0.6884327471577497
0.05252846531895255
0.334904037223303
0.061972441431446174
-1.3710626118697955
-3.6784286149838143
0.13997338391272984
0.17466248153132286
-0.12041431346609544
0.09027934661890502
0.10819132561243092
-1.2342459642474801
-0.6436919642960581
-3.3519371919638195
-0.16582244220507508
-0.5574245141066838
-0.4129994463125452
-0.021163092084613172
-0.23088245724191345
-0.8427591519781039
-1.3782803618861088
-1.86175357739497
-0.3332988107771684
-0.7364433423302681
-0.20859204142921814
-0.3614926884676666
-0.1872768714420236
-0.19649812146978418
-1.6129033807590887
-1.7526547055425445
-0.7232657785315186
-0.3517668551209672
-0.5940328493886409
-0.8615824115863747
0.03695667074569273
-0.014283452036480317
-1.4559154859206342
-2.033580111774257
-0.5388612459618658
-1.1749696157693879
-1.2989709372962863
-0.31081353030113495
-0.9978788363402717
-0.17571159678028817
-0.9219194984026106
-2.0417986636101877
-0.9075772384240152
-0.40299951437605597
0.01812907843629271
0.767683222520002
0.5662217775072769
0.7411015842133848
0.5407172849281444
0.3893183724339669
0.4555871388733276
0.4455325413064032
0.19271881776372443
0.22092021820935848
0.22450210421964428
-0.20755924469649142
0.38412222811878705
0.9121853895949622
-0.5450938626122024
-0.12151392532291083
0.10760859896177268
0.6797745511034549
0.11215811055188528
0.2769804211252288
-0.0011365652587945543
0.3867322778202031
0.6381983150753422
0.33994716439559786
0.37917775627606115
0.1113098097668104
0.5500808663207377
0.052796593992920124
0.3559209350505249
0.5191699765471802
0.12829295009779848
0.5243581930729976
0.802790483594872
0.3977775041506582
-0.09126743647659143
-0.26701577318779
0.616678180992755
0.6410190079382505
0.20219122744192894
0.901597113711198
0.3483155356113119
-0.0588000711669342
-0.36511758532118155
-0.11793708586615391
-1.8580803779109174
-1.782972164393315
0.8017519251759253
0.4092672360430348
0.2566251978625134
-0.39631720281818866
-0.20157998504862523
-0.36292412502690224
-0.6746149197154832
-3.238594882983858
0.3650537894507825
-0.522972737974776
0.3822104520345204
0.19166329534538892
-0.5185926213922274
-0.19166506649844983
-0.7112710447903224
0.28343369777431215
-1.558136739034693
-0.46998865083884767
0.01658375772447908
-0.4477764499828311
0.32248518182133745
0.18645677378685419
0.7352718168878997
1.7761423298096466
-2.847250082068945
-1.1532757764574872
-0.8430490538288623
-0.42510420155477224
-0.3357897350164337
0.22599368500960013
1.2065635773564825
1.359255801831804
-1.947948814748131
-0.9228435675764085
-0.8803266069167566
-1.05966309950064
0.28652951061605436
1.3213133883714108
1.0472093636493736
1.3032620259498637
0.7366564593051603
-0.4505629126801489
-0.2338769069827519
0.36971576023217145
0.39542075758132994
0.31926322562341697
0.45851360340201736
1.836718148308055
0.2024380483318009
0.4633371834721185
0.07641806465247031
-0.08766469487249699
0.4330405899827922
-0.07921399312328259
0.39123935137108
0.038550175565988234
0.30885857659348076
0.5683229261855193
0.22426233431622156
0.6701130039826748
-0.6115934156937084
0.37711860391574725
0.017632542099737386
-0.08366297307663265
0.051106446906232256
0.18993097850904397
0.24977428417188713
0.23771340701736884
0.504367759643907
-0.622751793062632
0.12256499043304261
0.22961462229343932
1.637250025408733
-0.08630637198311189
0.3680516694618768
0.7458659852971496
0.41959502123079306
-0.4850774972132863
-0.4600785024320055
-0.6038757152727298
0.3192189378466924
0.10275812381199305
-0.5194984696885238
-0.3248500312300905
-0.4664819725800318
0.633832485421952
0.11669678028582416
1.7264107958516584
0.012487597528498498
-0.3068060834878863
0.20716128532041794
0.19793710894684968
0.42899263553590505
-0.0715874585272295
0.26894796224139933
0.06059391717869288
-0.24346718384276178
-0.7845640107793775
0.20854965609875392
0.8009882658123465
0.4972233088602332
0.23351412567747426
0.2265526710744778
-0.16185499731575362
-0.5340765293413621
0.1847187511921552
0.04165907012796988
0.1816815632793843
0.7220493728414873
0.2923978104652521
0.1628462475763257
-0.579716939423392
-0.1988438937692128
0.3639033560573027
0.7764258196710806
0.9687177008578312
-0.17998653416400462
0.5346791271738579
0.44833904385444323
-0.1338549100434348
0.41424809014786335
-0.1664476615498078
0.48822927958171897
0.5059045360657239
0.9569450511841173
0.24238985975392335
0.5385472962098743
-0.042721966900785315
-0.22470628532429818
0.502806666025344
0.06047618710045374
0.3797075388332143
0.2047245447544248
0.4590236718371866
0.6468366380783734
0.6686066624249488
0.2308891575577874
-0.34379208297506825
0.3332570921073719
0.2844822754529548
0.2663152802490316
0.36617822421846824
0.38527202597860705
0.5322985803110085
0.042861952681196455
0.5116224831914992
0.23396779840909418
0.38259064746401134
0.12050032543772349
0.6617433550491766
0.47682110124060817
0.08740673190228063
-0.21835441477157902
-0.03409957142489499
0.6542219661649291
-0.014482455777862542
0.48024349931846794
0.14563025748663114
0.02730792351001013
-0.32044875477770446
-0.9670636939146473
-0.1596054435141795
-0.30511313791758915
0.03892589557021194
0.030333607813510167
0.006899094084194738
-0.18596234430638578
-1.3266266137381268
-0.9619609096988828
-0.6920883247813896
-0.11218824321909122
0.20567809512842986
0.11151809257359048
-0.13181521442077365
-0.37563797372508584
-0.359386299808984
-0.6567821174788497
-0.3482207453804725
-0.2896054156401895
0.4113050406693001
0.21822477272457555
0.1357350194224357
-0.19998881957662243
0.20332213204157806
-1.4829278663892453
-0.5730754249367846
0.30015249476267264
0.34016979141810194
0.43708939057234314
0.2799166381020037
0.05048359114023904
0.11026909383547431
-0.9586475941040643
0.018022407512011965
-0.22885308416806507
0.39613078567710974
0.7640431703431303
0.057804948078756455
0.3871472507770276
1.43433509460553
0.0018470104709884666
-1.3914152088855913
-0.8545120229016954
0.3686123585558919
-0.029540339717013517
0.5736357988226036
0.5761767325219141
1.4912263408095798
-0.26818046879392604
-0.6668765641209387
-1.2642044832665282
-1.8125137376000489
-1.8611899643472132
-0.674421236456266
-0.1575003950770506
-0.7568890809006927
-0.7302246218912041
-0.2009712017804713
-1.185761596327684
-1.4880289478831976
-1.526759363248773
-0.27946148411786353
-0.1428550751283252
-0.5554666447442943
-0.21945703194781058
0.14686342759329857
-0.9285421494317089
-1.334743226137811
-0.9366339906200136
-0.3510698129972887
-0.4405538469091841
0.12416945876212108
-0.04491713879899663
-0.1503665543986621
-0.525373925277454
-1.5936178600176807
-0.1778277330098115
-0.5136316385180786
-0.17844053589386205
0.37627152154318627
0.1697726455022393
-0.13054722334151053
-0.44038982090024936
-1.8106124211719443
0.002460213630539807
-0.11266950359310601
-0.22150820579439803
0.2325434086863492
0.5118501550607373
-0.40234681735313926
-0.7783651331731722
-1.0520833771320859
-0.5852950358217901
0.24494686810490532
-0.08703808370382808
1.2272142656707614
0.8050114118346339
0.034078915349435995
-1.2320879419777766
-0.7682622105266094
0.2674004580142696
0.0221042435999953
0.6447157210134442
0.7608838825936524
0.5961119681511322
0.23682144197106786
-0.8849564670841806
-0.5976980029431583
0.12470264034041893
0.3976144390507704
0.6386138775392382
0.3253492833553072
1.266371815313691
0.3145643519776051
-1.1730730473517363
-0.12321158798603504
0.30039068973104815
0.8484945718964979
0.4420899403895442
0.5319040323149794
0.9733503572454454
0.01953603231909119
-0.02939777589764059
-0.6902880807785797
0.2558474900171426
0.5529322619796445
0.8889583045891707
0.40479120877817965
-0.24025433680221822
0.31289167463446504
0.18608422982739764
0.14225375520960218
-0.285757280423068
0.5229799733540509
0.7093762132726694
0.7178281478300581
0.051707249232748505
-0.47662485640741814
0.2616925126084566
-0.1668427440841957
0.33823588583443737
0.24951340164066738
0.6996447483618765
0.2939846991714081
-0.42445972074112664
0.027978709751660637
0.41450749276212795
-0.2901466040487328
-0.052290173991958636
0.7094153748285976
0.30610830508463094
0.6125035844615356
0.12682199571695704
0.38369457383664385
-0.07509791745496586
0.6123770569529773
-0.1395342789688464
0.07165348547056072
0.9136418276155069
-0.13462977739822088
-0.3473339271353197
0.23823887418754847
0.0965079109116029
0.11274168758591742
0.5967843022604021
-0.14248576039805178
0.5918040029190534
-0.013603444245653816
0.23495917720747023
0.08909114253509923
0.06425762100681316
1.039723499297741
1.5302319459618754
0.35704277909670934
-0.7078063100609657
0.30774646518335796
-0.6486221831852184
-0.50183514796267
-1.3007869499711904
-1.269457921927646
-1.3016239570675519
-0.11167433648833797
0.8929338402811625
0.8838836189779334
0.5533775370315931
-0.7473334282505956
-1.1574760354802924
-1.1763405661310695
-1.6946543319433949
0.13225282828658974
-0.5433749364599184
0.44576275576991353
-0.4472383712883826
0.565146660199293
-0.30768396336870674
-1.8519614730090994
-1.430757139538299
-0.4930985498111573
0.4248375445892168
1.0660671812482292
-0.16267996799461162
-0.2640666295920438
-0.15188621171928554
-1.981989989983926
-0.993478957992893
0.15535357450495524
0.7245444783178016
0.6756702421954314
0.2235672330564555
0.29238756229126756
-0.05443926040175427
-2.087709487346636
-0.6618281813079413
-0.3264369208669366
0.15050026665123742
0.8530999576164339
1.092252693903989
-0.28508951780888664
-0.4599114974336558
-0.7111105085361973
-0.747576390118931
0.5339485377366793
0.13982575819919124
1.5772506018216752
1.1594803859866876
0.6669685567528502
-0.5037662578269749
-0.7204240224489765
-0.7889048731891407
-0.23731661829772402
0.7458497875001057
0.17924412979594406
0.9766575725983193
0.10897593766428817
-0.07310431395812843
-0.8079444306801359
-1.083183687286602
0.34185875921535164
0.7155129770219194
0.15738817723445217
0.30542734444913594
-0.43385830047565815
0.20844522366993123
0.352216781965464
-0.3259995178599686
-0.5749850316997276
-0.3123266563850844
0.1638964314898417
0.0962372347310114
0.4127533770448982
-0.1964373091094366
0.1713443916531424
0.47464327991361466
-0.3824333710865688
-0.2043236726686057
-0.5557925415745243
-0.5148184999538438
-0.37797336789133956
0.56037347365303
0.875904140617615
0.11965248423641701
0.17527819749666823
0.17864146515165094
-0.4367198826572434
-1.090791129214172
0.2065899619001834
0.5088405671299738
0.4335037498549939
0.6248923746468237
0.380812216623605
-0.2179436653516983
-0.2578409890213497
-0.774955998324599
-0.13468706627407093
0.220694149602049
0.2138946850006441
0.28279230300367
0.49347813421961106
0.181983733301392
-0.6945371031406131
0.4363201731430787
-0.297496699914195
0.00966510226129172
0.4976645393242189
0.5230525386857163
0.3240505700999554
0.7678146983385074
-0.7336641443201759
-0.5384288437816989
-0.11612716060886455
0.17406845547028288
0.5858740885312476
0.605618691432408
-0.086829343291274
0.29157681456599827
0.20695253191242902
-1.5244930901871934
-0.5917496114727685
-0.45391301843702436
0.18362785115811348
1.1030661291662358
0.21630566680005403
-0.12617546749557698
-0.6022621969388777
-0.1383842517676937
-0.23314698806318535
-0.36532698860754786
-0.45308039548819157
-0.47479796881769887
-0.5054543592945222
-0.45962450815017813
-0.35878821513388054
0.034722924130194295
-0.28568542866058844
-0.3105847699956855
-0.3840177363256072
-0.40144122652523784
-0.45501756836718676
-0.4665413026127624
-0.25349645751992267
-0.3517351469991454
-0.4640432055621135
-0.5015419629523256
-0.6177179624246115
-0.6387264494140766
-0.1258916961199851
-0.5378424574959249
0.10595777854285575
0.0987382202927204
-1.0727619860998414
-0.4456031259641174
-0.7397018504904466
-0.7588482394347885
-0.6650753750351682
-0.4552884171942936
0.05321315965806794
-0.1056773530242457
-1.6298567011685852
-0.5860864011119631
-0.5822774200826459
-1.7995429266380114
-1.188388739108447
-0.6839445022674244
0.4438277894830946
0.014024864879929787
-1.010632671686379
-1.0472745828256218
-0.8412335762339435
-0.4971523798610944
-1.8362558778692937
-0.15284690334511392
1.184409710044177
0.3205683450734483
-1.3745990245561808
-0.37493798750082735
-0.1202253735104189
-0.1010472504853083
-1.691614720027452
0.6882980791404475
2.699527420877408
0.8281038255063067
-0.8181720043947385
-0.045027032019220044
0.7392986945335127
0.5427446761593746
-1.1870608868966992
-0.42973619527855395
1.8227826704140322
-0.05243655570163762
0.04526118904074039
0.6071795583267612
0.7561519294031976
0.5726861238922832
0.544295571300934
-0.37630338962691945
-0.008501874279803728
0.7577338516432203
-0.20804549205229056
0.5447443592024271
0.9485132997554665
0.2052091601972708
0.2644642550046955
-0.26349996933771624
-0.4223033311068105
-0.7307382096580836
0.2836562906459599
0.4705912122752265
0.7003270096509727
-0.2722449328213758
0.1665762281827925
0.4864859452394134
-0.20542704301387885
0.04006111536376576
0.20460705681401603
0.07572465734753825
0.025640953016570774
-0.556421746036702
0.2007674965014715
0.08495627765536679
0.49672115493845687
-0.6432219849072772
0.36982154183115373
0.0529283819960579
-0.12130922006077383
0.17423720080297053
-0.03986565403187729
0.1750407007038035
-0.5857896000897763
-0.08319146597728731
0.601401531989694
-0.13555417070532808
-0.7182940107351343
-0.48899176712137793
-0.4387418274388996
-0.6207311424520656
-0.9002910878372018
0.2626528777265781
-0.2901228003390069
-0.5747896047506191
-0.6238386155046436
-0.5084669640682629
-0.5094804009934557
-0.4233456366200567
-0.30151488748455263
-0.2674014084928002
-0.4208584902873731
-0.4278673556699179
-0.4552802620667614
-0.41679842240225645
-0.4214330225992455
-0.3052566517524343
-0.14110372386655454
-0.19491591478464967
-0.17656915566431436
-0.433188926812616
-0.4493656991932575
-0.29610842859653774
-0.3563269651835653
0.3075514039950991
0.1813183587984411
0.5458850276304563
-0.5854468692956365
-0.5293738000968428
0.07093147035472043
0.4692516430540828
0.2417995925636173
0.3328989150224441
-0.23413014587401623
0.2773431921421123
-0.29598776977538765
0.014913318051388898
-0.16666305379071825
0.11629118075433412
0.6629194219533106
0.0655412193727013
0.3512220774158076
0.7245594287187646
1.0427581026896064
0.04105816063231875
0.3115620194727664
-0.5356647132760697
0.38869775903004544
0.6389657371280965
-0.3637707581984185
0.6242219128066738
0.5465547620709029
-0.020050273426351566
0.14079878650876104
0.09282134769289538
0.3260500603514406
1.0872110692820722
-0.09887485454906325
0.19562863478078568
0.54705841604289
0.19665998337293084
-0.15618741850109755
0.13761371490897029
-0.14890756532000143
0.07379854292495393
-0.6560755726114754
-0.5493797888958893
0.5201273467254003
0.1004417544935086
0.9376895546957504
0.23615270206022826
0.37136661427684714
-0.3691200427613468
-1.517076811934663
-2.3013036220713894
-0.2857420634543085
1.209919056996692
0.525118850228864
0.32405828408283416
0.3453241784501529
-0.678262895254735
-0.14694851700640021
-2.307289070194182
-0.38322140744380323
0.30803612560047383
1.0496993286497882
0.5494815499260578
0.9450950619080407
0.4703044062718254
-1.1411029621273505
-0.9730663200679834
-0.44751794295444397
0.16535625918114377
0.5567681093492551
0.9185069635882754
0.3956848620757762
0.19578403644423645
-0.26837886491497953
1.12066741708438
-0.18693739750299312
-0.7083157901501478
-0.17217497310743696
-0.418272735463727
0.05031330379104328
0.09013713721640296
0.9813560550755882
0.3379039738604438
-0.12839718691393157
-0.32304460633118837
-1.1620402862362385
-0.15788209468547384
-0.11381032375658612
0.0813965779149312
-0.03159680184003433
0.7190582989594247
0.006529731282412285
-0.8979339553928098
-0.34487206241960267
-1.0123596443036824
-0.36276957281604194
-0.058569533784577237
0.015027470079476787
0.18853225457508235
-0.09068133081481175
-0.6117935032363427
-0.24736128612296437
-1.0594279751030125
-0.2516093786766158
-0.021189471290171256
0.24048322222712692
-0.6727858902398138
-0.18138255344559293
-0.4419752903626664
-0.16338796509218573
-0.7322998552134232
-0.7772182692684345
-0.42699523964160346
0.7651515654169403
-0.1743526368945705
-0.17311179143015976
-0.4075205151607686
-0.031374087582318716
-0.8158747303754401
-1.1306528039300445
-0.5063876938823463
-0.6940354028471758
1.0530804460414458
0.2464255680371655
0.33859837240295987
-1.049617823546267
-0.7470686003018158
0.23363273241092883
0.7583262242884923
0.1129262795758996
1.2081424909421976
1.1858155512274315
1.1311210703729329
0.12631349558375682
0.19991747347316532
0.1452463760961022
0.2891892362734904
1.125163126044831
0.357771709607738
0.784217380488615
0.8220465065293103
0.49054769843832163
0.13123416225158932
0.5259196654280732
0.5350338469484839
0.1529658031770482
1.235992597706935
0.5610957626615094
0.6697327619157011
1.1785668777786753
0.5347201802145285
0.6472414527340137
0.015386930537657759
0.7687178005960053
0.24687716015367916
0.6446774870265578
0.5254635019390594
0.5838314380745959
0.7079157479981498
0.8670663649450913
0.5657678168363182
-0.15331826743254984
0.383212510464412
0.20389364511830693
0.8536090281364577
0.25680045165350396
0.5413255279928361
0.9500413171061929
0.8223515977470365
0.23249665519245155
-0.48856665589262926
0.026539517434784707
-0.1449441643214625
0.02861613412269081
0.3906542294419196
0.9399384962012686
0.824358596996794
1.211640538456538
-1.9389382826074584
-0.30652678175726034
-0.29767970846829994
0.4394439204238336
0.45402485042651414
0.04761789988658208
0.7651029055067524
0.2680995897782472
-2.3866244508906904
-1.8416786179435887
-0.21116017858295744
-0.6598997756686786
-0.0858349011743599
0.6849361941309892
-0.1692311568466422
0.09670850220236535
-0.9204719655656604
-1.6536505315476453
-0.8169186010933834
0.029881107659530073
-0.10633155181805692
0.07093730236995252
0.5223302482522156
0.6862336212111692
0.669754521182337
0.29810775669653966
-0.23332015178761029
-0.6904146980437722
-0.2923541258301955
-0.7901571405316953
0.28993421626133387
-0.13949546963807363
-0.15286637903612627
-0.2723170769429425
-0.10536966511491279
-0.6989326008259568
-0.3425800490164531
-0.15930698451365002
-0.2923822005781787
-0.1830829434198932
0.33602767644794057
0.09818865461629561
-0.36986588771336043
-0.17321800219125344
-0.4503879528783336
-0.8371669553683512
-0.31321019374014086
0.012367922514208625
0.13401046234019715
-0.3127240360535969
0.013488291020297742
-0.0008759471629228681
-0.3134482473204918
-0.4264908710570293
-0.648795320107336
-0.31385994655211547
-0.11306711084812486
-0.06426932243566974
-0.2733600230027085
-0.22017612496537664
0.3265541072597875
-0.6209233721698477
-0.7346480887874212
-0.9134883906593987
0.3980886608908344
0.15361833303177
0.27241975690430403
0.6440570064238069
0.2181612487657563
-0.2166414572381041
0.2421608450889752
-0.037865446956663655
-0.12930549768919086
-0.14177503531512933
-0.30351783203179533
-0.1061796294243941
-0.4374995081736138
-1.2939877397383062
-1.9768727165728701
-0.9783052757326829
0.822401861110104
0.19779234520965022
0.08501103285888814
0.07815963528379874
0.22107553443177894
0.7001900059321273
-0.10340165520209346
-0.6185365176713509
-0.21569077417947816
0.39587037119254653
0.3391334158204732
0.21461329675463
0.3375141965022011
0.18968940457278877
0.06850154004501338
-0.22090745734130574
0.2788461678032219
0.570130613504728
0.17774959352304637
0.1514562211859145
0.2743941952769206
-0.023336918787406853
0.29001986759741016
-0.40746822753131473
0.40373587847767944
0.4975542904823703
0.6715865573089003
0.2662902677447447
0.0751836828113533
0.34412302862528144
-0.15512266639476
-0.10947426806989412
0.12615340956961263
0.3498242921755615
-0.30040924672229435
0.42322777192383915
0.14509812551991763
0.36032438673150863
0.5508952235037492
-0.08518552154373592
-0.42530826257332743
-0.45917439839917773
-0.3111187893827768
0.3570501544459313
0.895054794055577
0.7585676433443582
0.2140567810512254
0.40523463637779
-0.4390126019253227
-0.4953767702314174
0.27161052377713674
0.3615199882112147
0.40360304712654166
0.7307439430940109
0.4913361375844117
-0.42985379934349266
-0.7033246054806414
-0.25279710954661605
0.41430277749129074
0.3231294341474872
0.25169588175066127
0.23438015098604115
-0.32380744563803565
-0.3683462165328624
-1.5167296209943253
0.04839083348066893
0.3521011700137557
0.04105821106240017
0.09484384311446847
-0.43195708698459123
0.36858345594514313
0.2161207967548791
-0.08024975755413456
0.4050847189245286
0.13112959400321011
0.6388541784028368
-0.02782961629017286
0.23621390884902432
0.06283960902930019
0.47081672310908784
-0.45912073082244814
-0.021555894560283607
0.44792408135966155
0.016335179916621832
0.5271756925043789
-0.2904851230876427
0.5462906973605226
0.31366973720973373
0.3240833182322043
0.05674141329202059
-0.26081404730296776
-0.004129579693916219
0.009342470063690305
0.3828456820435392
0.2528132262123167
0.6115155660680622
-0.19882489953316468
-0.031291819674111966
0.04085145988833348
0.3581575896411894
0.04971057628916844
0.3603994938804594
0.42851438956595617
-0.05541015166652489
0.1890496568176469
0.33052229886901774
-0.017130431531728753
-0.4802788425166579
-0.31737020476634487
-0.20420199432938388
-0.7548656420822979
0.013049253025096241
-0.2839246512091297
-0.14466188601006058
0.0017259940395075862
0.3151170090398703
0.33302640632221286
-0.2015531202617259
-0.5733901891147927
1.205028311429273
0.0
0.0
0.0
0.0
0.0
0.0
0.0
0.0
0.0
0.0
0.0
0.0
0.0
0.0
0.0
0.0
0.0
0.0
0.0
0.0
0.0
0.0
0.0
0.0
0.0
0.0
0.0
0.0
0.0
0.0
0.0
0.0
0.0
0.0
0.0
0.0
0.0
0.0
0.0
0.0
0.0
0.0
0.0
0.0
0.0
0.0
0.0
0.0
0.0
0.0
0.0
0.0
0.0
0.0
0.0
0.0
0.0
0.0
0.0
0.0
0.0
0.0
0.0
0.0
0.0
0.0
0.0
0.0
0.0
0.0
0.0
0.0
0.0
0.0
0.0
0.0
0.0
0.0
0.0
0.0
0.0
0.0
0.0
0.0
0.0
0.0
0.0
0.0
0.0
0.0
0.0
0.0
0.0
0.0
0.0
0.0
0.0
0.0
0.0
0.0
0.0
0.0
0.0
0.0
0.0
0.0
0.0
0.0
0.0
0.0
0.0
0.0
0.0
0.0
0.0
0.0
0.0
0.0
0.0
0.0
0.0
0.0
0.0
0.0
0.0
0.0
0.0
0.0
0.0
0.0
0.0
0.0
0.0
0.0
0.0
0.0
0.0
0.0
0.0
0.0
0.0
0.0
0.0
0.0
0.0
0.0
0.0
0.0
0.0
0.0
0.0
0.0
0.0
0.0
0.0
0.0
0.0
0.0
0.0
0.0
0.0
0.0
0.0
0.0
0.0
0.0
0.0
0.0
0.0
0.0
0.0
0.0
0.0
0.0
0.0
0.0
0.0
0.0
0.0
0.0
0.0
0.0
0.0
0.0
0.0
0.0
0.0
0.0
0.0
0.0
0.0
0.0
0.0
0.0
0.0
0.0
0.0
0.0
0.0
0.0
0.0
0.0
0.0
0.0
0.0
0.0
0.0
0.0
0.0
0.0
0.0
0.0
0.0
0.0
0.0
0.0
0.0
0.0
0.0
0.0
0.0
0.0
0.0
0.0
0.0
0.0
0.0
0.0
0.0
0.0
0.0
0.0
0.0
0.0
0.0
0.0
0.0
0.0
0.0
0.0
0.0
0.0
0.0
0.0
0.0
0.0
0.0
0.0
0.0
0.0
0.0
0.0
0.0
0.0
0.0
0.0
0.0
0.0
0.0
0.0
0.0
0.0
0.0
0.0
0.0
0.0
0.0
0.0
0.0
0.0
0.0
0.0
0.0
0.0
0.0
0.0
0.0
0.0
0.0
0.0
0.0
0.0
0.0
0.0
0.0
0.0
0.0
0.0
0.0
0.0
0.0
0.0
0.0
0.0
0.0
0.0
0.0
0.0
0.0
0.0
0.0
0.0
0.0
0.0
0.0
0.0
0.0
0.0
0.0
0.0
0.0
0.0
0.0
0.0
0.0
0.0
0.0
0.0
0.0
0.0
0.0
0.0
0.0
0.0
0.0
0.0
0.0
0.0
0.0
0.0
0.0
0.0
0.0
0.0
0.0
0.0
0.0
0.0
0.0
0.0
0.0
0.0
0.0
0.0
0.0
0.0
0.0
0.0
0.0
0.0
0.0
0.0
0.0
0.0
0.0
0.0
0.0
0.0
0.0
0.0
0.0
0.0
0.0
0.0
0.0
0.0
0.0
0.0
0.0
0.0
0.0
0.0
0.0
0.0
0.0
0.0
0.0
0.0
0.0
0.0
0.0
0.0
0.0
0.0
0.0
0.0
0.0
0.0
0.0
0.0
0.0
0.0
0.0
0.0
0.0
0.0
0.0
0.0
0.0
0.0
0.0
0.0
0.0
0.0
0.0
0.0
0.0
0.0
0.0
0.0
0.0
0.0
0.0
0.0
0.0
0.0
0.0
0.0
0.0
0.0
0.0
0.0
0.0
0.0
0.0
0.0
0.0
0.0
0.0
0.0
0.0
0.0
0.0
0.0
0.0
0.0
0.0
0.0
0.0
0.0
0.0
0.0
0.0
0.0
0.0
0.0
0.0
0.0
0.0
0.0
0.0
0.0
0.0
0.0
0.0
0.0
0.0
0.0
0.0
0.0
0.0
0.0
0.0
0.0
0.0
0.0
0.0
0.0
0.0
0.0
0.0
0.0
0.0
0.0
0.0
0.0
0.0
0.0
0.0
0.0
0.0
0.0
0.0
0.0
0.0
0.0
0.0
0.0
0.0
0.0
0.0
0.0
0.0
0.0
0.0
0.0
0.0
0.0
0.0
0.0
0.0
0.0
0.0
0.0
0.0
0.0
0.0
0.0
0.0
0.0
0.0
0.0
0.0
0.0
0.0
0.0
0.0
0.0
0.0
0.0
0.0
0.0
0.0
0.0
0.0
0.0
0.0
0.0
0.0
0.0
0.0
0.0
0.0
0.0
0.0
0.0
0.0
0.0
0.0
0.0
0.0
0.0
0.0
0.0
0.0
0.0
0.0
0.0
0.0
0.0
0.0
0.0
0.0
0.0
0.0
0.0
0.0
0.0
0.0
0.0
0.0
0.0
0.0
0.0
0.0
0.0
0.0
0.0
0.0
0.0
0.0
0.0
0.0
0.0
0.0
0.0
0.0
0.0
0.0
0.0
0.0
0.0
0.0
0.0
0.0
0.0
0.0
0.0
0.0
0.0
0.0
0.0
0.0
0.0
0.0
0.0
0.0
0.0
0.0
0.0
0.0
0.0
0.0
0.0
0.0
0.0
0.0
0.0
0.0
0.0
0.0
0.0
0.0
0.0
0.0
0.0
0.0
0.0
0.0
0.0
0.0
0.0
0.0
0.0
0.0
0.0
0.0
0.0
0.0
0.0
0.0
0.0
0.0
0.0
0.0
0.0
0.0
0.0
0.0
0.0
0.0
0.0
0.0
0.0
0.0
0.0
0.0
0.0
0.0
0.0
0.0
0.0
0.0
0.0
0.0
0.0
0.0
0.0
0.0
0.0
0.0
0.0
0.0
0.0
0.0
0.0
0.0
0.0
0.0
0.0
0.0
0.0
0.0
0.0
0.0
0.0
